

Instance: HEVTSP_1_50_1_TW_0
Method: SA
Sol: 7 49 29 35 41 16 10 4 22 12 44 26 30 34 15 50 20 3 48 5 1 19 27 31 38 21 25 8 14 24 32 36 39 33 43 11 23 45 13 17 2 42 9 46 47 28 37 6 18 40 2 2 1 1 2 2 1 3 2 1 2 1 2 2 2 3 2 2 2 2 3 1 2 2 3 2 2 2 2 2 2 2 3 2 1 1 2 2 2 2 2 2 2 2 1 2 1 1 1 2 3 
fo: 3058.82
Best time: 328.190
Total time:500.008 


Instance: HEVTSP_1_50_1_TW_1
Method: SA
Sol: 42 48 7 21 46 1 18 47 12 29 49 28 27 41 38 3 26 36 23 20 32 33 24 25 10 17 39 16 50 30 31 19 2 22 4 5 40 45 35 13 43 9 37 14 11 15 8 34 6 44 2 1 3 2 3 1 1 2 2 1 2 2 1 2 1 3 1 2 1 2 3 2 1 2 1 1 2 2 1 2 2 1 2 2 2 2 2 1 1 2 1 2 2 2 1 2 2 1 1 2 1 
fo: 3166.75
Best time: 258.380
Total time:500.006 


Instance: HEVTSP_1_50_1_TW_2
Method: SA
Sol: 5 38 10 27 8 31 42 1 9 32 13 16 3 30 22 33 49 14 7 43 36 20 35 41 46 40 29 28 18 39 19 12 4 15 11 26 2 25 45 47 44 21 23 50 17 24 37 34 6 48 1 1 4 1 2 2 1 2 2 2 2 1 2 2 2 4 1 4 1 2 2 1 1 2 1 2 2 2 2 2 1 2 2 2 2 1 4 1 1 1 3 4 2 1 2 2 2 1 1 4 2 
fo: 1011141.34
Best time: 271.229
Total time:500.008 


Instance: HEVTSP_1_50_1_TW_3
Method: SA
Sol: 47 27 9 22 49 5 32 35 3 20 24 26 41 17 10 40 15 33 38 50 6 7 36 44 31 8 19 18 1 11 4 16 23 21 12 14 45 42 13 48 46 25 37 43 29 28 34 2 30 39 2 2 3 3 1 2 3 2 1 1 2 1 2 2 1 2 2 2 1 2 2 2 1 2 1 2 2 1 2 2 1 2 2 2 2 1 1 2 3 1 2 2 2 1 2 1 2 2 1 1 3 
fo: 3029.38
Best time: 151.677
Total time:500.013 


Instance: HEVTSP_1_50_1_TW_4
Method: SA
Sol: 9 38 29 8 42 35 1 19 48 16 32 41 13 22 30 33 21 15 3 23 27 40 45 25 44 39 12 28 7 18 31 20 14 5 26 2 11 6 4 24 10 17 50 47 34 49 46 36 37 43 1 2 3 1 2 2 1 2 2 2 4 2 1 1 2 1 2 2 1 2 1 4 2 2 1 1 2 2 2 2 2 3 2 2 1 3 2 3 1 2 1 1 2 1 1 2 2 1 1 2 4 
fo: 1012198.55
Best time: 326.162
Total time:500.005 


Instance: HEVTSP_1_50_1_TW_5
Method: SA
Sol: 38 16 45 10 49 30 39 44 14 12 48 28 31 11 41 20 7 6 13 26 23 21 32 27 19 35 29 42 5 1 50 24 8 18 40 4 36 17 22 37 34 25 9 43 3 46 2 15 47 33 1 2 1 1 2 1 2 2 1 2 2 2 1 1 2 4 4 1 2 2 1 2 2 1 1 2 2 1 1 2 1 1 1 1 1 1 2 2 2 4 4 1 2 1 2 1 1 4 1 2 1 
fo: 1134827.76
Best time: 279.087
Total time:500.007 


Instance: HEVTSP_1_50_2_TW_0
Method: SA
Sol: 26 34 6 19 33 21 18 43 23 1 39 45 25 36 37 7 40 8 38 12 3 13 22 31 47 17 28 41 42 46 44 5 29 32 2 4 27 48 9 30 10 15 16 49 50 20 24 35 14 11 2 2 1 1 2 1 2 3 2 1 2 2 2 2 1 2 1 2 2 3 2 3 1 2 2 2 1 2 3 2 2 2 1 2 2 2 2 2 2 1 1 2 2 1 2 2 1 1 3 4 1 
fo: 2852.83
Best time: 267.069
Total time:500.008 


Instance: HEVTSP_1_50_2_TW_1
Method: SA
Sol: 20 32 2 47 38 49 14 48 15 10 18 17 7 29 19 8 24 22 3 27 11 39 9 1 43 41 4 13 36 46 6 30 45 50 23 26 37 12 16 21 28 44 25 42 35 34 40 5 31 33 2 1 1 2 2 3 1 2 1 3 2 1 1 2 2 1 2 2 2 2 2 1 2 3 2 1 2 2 1 2 2 1 3 2 2 1 1 2 2 2 2 1 2 2 2 3 2 2 1 2 3 
fo: 2915.99
Best time: 261.361
Total time:500.003 


Instance: HEVTSP_1_50_2_TW_2
Method: SA
Sol: 42 38 32 20 41 24 30 5 45 34 39 28 2 37 21 8 27 49 13 25 17 16 40 10 43 15 50 35 14 4 6 31 44 7 1 22 19 33 46 29 36 23 26 9 48 47 11 12 18 3 1 2 2 2 1 1 2 2 2 1 1 1 1 2 1 2 2 1 2 1 2 2 2 1 1 1 1 1 2 4 3 4 2 1 1 2 1 1 1 2 2 2 2 1 1 1 3 2 3 4 4 
fo: 3297.15
Best time: 285.494
Total time:500.008 


Instance: HEVTSP_1_50_2_TW_3
Method: SA
Sol: 23 9 46 13 34 29 8 38 39 14 16 48 30 20 28 44 7 3 21 32 11 26 45 40 47 18 43 2 42 50 49 10 37 36 27 17 35 41 4 6 22 5 31 15 19 24 25 33 1 12 1 2 2 1 3 1 2 2 2 2 1 2 1 1 2 2 2 2 2 1 2 1 2 2 1 2 1 2 2 1 1 2 3 3 1 2 3 2 1 2 1 2 1 2 2 2 2 3 3 1 3 
fo: 2830.46
Best time: 305.391
Total time:500.010 


Instance: HEVTSP_1_50_2_TW_4
Method: SA
Sol: 9 35 32 38 41 34 49 15 45 20 8 2 37 17 16 1 28 31 24 27 7 13 10 36 23 39 14 12 46 19 33 43 25 47 44 40 5 29 21 42 18 26 3 30 48 6 50 22 4 11 1 2 2 2 2 2 3 1 1 2 2 1 2 2 1 2 4 1 1 2 1 3 2 2 2 2 2 2 1 1 2 2 1 1 2 2 2 2 2 2 1 2 1 2 2 3 1 3 2 4 3 
fo: 2824.45
Best time: 274.883
Total time:500.005 


Instance: HEVTSP_1_50_2_TW_5
Method: SA
Sol: 13 18 42 32 50 45 34 35 28 20 41 22 9 29 49 5 7 46 11 21 16 30 2 6 27 33 17 12 43 1 4 31 15 40 37 24 36 39 38 26 3 48 10 14 44 8 23 47 25 19 2 2 2 1 1 3 1 1 2 2 1 4 2 1 1 1 2 2 2 1 2 1 3 2 1 3 2 2 3 2 1 2 1 2 3 2 1 2 2 2 2 2 1 2 2 1 2 4 1 2 1 
fo: 3078.82
Best time: 202.589
Total time:500.013 


Instance: HEVTSP_1_50_3_TW_0
Method: SA
Sol: 47 5 21 33 32 23 2 17 31 38 26 27 37 4 8 49 3 50 13 34 6 22 40 39 44 35 14 24 36 25 30 11 42 12 45 16 28 9 19 41 18 15 7 48 29 20 43 46 1 10 1 2 3 3 2 1 2 1 2 2 1 2 1 3 2 2 2 2 2 2 1 1 2 2 1 1 1 2 2 2 1 2 2 2 2 1 1 2 1 2 2 2 1 1 2 2 2 3 1 1 3 
fo: 2723.42
Best time: 374.195
Total time:500.012 


Instance: HEVTSP_1_50_3_TW_1
Method: SA
Sol: 44 23 40 26 21 38 22 29 42 6 49 18 36 20 37 30 32 46 50 31 12 24 17 8 2 10 48 25 45 35 11 13 43 27 4 15 39 28 47 7 3 33 5 19 9 1 41 14 16 34 2 2 2 2 2 2 2 2 2 2 2 2 2 2 2 1 1 1 2 2 2 2 1 3 1 2 2 2 1 2 4 3 3 1 2 3 1 3 1 2 2 2 2 1 2 1 2 1 3 1 3 
fo: 2853.05
Best time: 235.446
Total time:500.009 


Instance: HEVTSP_1_50_3_TW_2
Method: SA
Sol: 44 21 38 41 2 11 39 32 42 19 18 49 8 22 48 26 3 29 37 12 17 1 40 7 24 23 5 15 25 34 10 43 27 30 9 35 31 4 45 6 46 14 20 16 28 50 13 33 36 47 1 2 2 1 2 1 1 2 2 4 2 1 1 4 2 1 1 1 2 1 2 2 2 1 2 1 1 2 1 2 3 1 2 2 2 3 3 2 2 1 3 2 4 1 2 2 3 2 3 1 2 
fo: 3118.54
Best time: 278.677
Total time:500.007 


Instance: HEVTSP_1_50_3_TW_3
Method: SA
Sol: 7 21 42 19 12 32 16 25 4 38 14 33 31 27 2 23 39 36 44 8 20 28 40 48 6 46 35 29 15 45 24 5 18 9 1 13 17 26 34 30 50 47 37 43 10 3 41 11 49 22 2 2 2 1 1 2 2 3 2 2 3 2 2 2 2 2 1 2 2 3 2 2 2 2 1 2 1 2 4 1 1 1 2 2 2 1 1 2 2 2 3 1 1 1 2 3 2 1 2 1 3 
fo: 2836.90
Best time: 361.475
Total time:500.010 


Instance: HEVTSP_1_50_3_TW_4
Method: SA
Sol: 47 22 7 46 44 5 1 21 12 40 34 32 9 38 4 39 45 18 50 37 25 3 11 10 23 29 17 41 35 19 48 27 28 33 31 43 42 24 15 13 14 2 26 49 36 6 20 16 30 8 2 3 2 2 1 1 1 2 2 2 2 2 2 2 2 1 2 2 2 2 2 2 1 3 2 1 2 2 3 1 3 2 2 2 1 2 1 2 3 3 2 2 1 1 3 2 2 2 2 2 3 
fo: 2841.04
Best time: 276.489
Total time:500.011 


Instance: HEVTSP_1_50_3_TW_5
Method: SA
Sol: 38 31 4 42 23 39 48 17 9 47 7 32 35 8 37 18 26 3 1 24 19 28 5 16 14 36 46 40 10 27 44 2 6 49 41 50 30 13 25 22 21 33 20 11 43 12 34 29 45 15 1 1 2 2 2 2 1 1 1 1 2 3 1 1 2 2 2 2 2 1 2 3 3 1 1 4 2 2 1 2 2 3 1 2 1 1 1 1 1 3 2 1 1 2 2 1 2 1 1 2 1 
fo: 3012.82
Best time: 244.188
Total time:500.006 


Instance: HEVTSP_2_50_1_TW_0
Method: SA
Sol: 25 47 5 18 45 32 37 2 38 27 15 28 44 7 22 48 40 49 21 14 3 30 50 13 19 29 31 39 20 10 33 6 1 12 11 46 17 23 24 43 36 34 4 8 42 26 41 16 9 35 2 1 2 2 1 1 1 1 3 1 1 2 2 3 2 1 3 2 3 2 2 4 2 1 2 4 1 2 2 3 3 1 1 2 1 1 2 2 1 2 1 1 1 2 1 1 2 1 1 2 1 
fo: 8984.49
Best time: 362.175
Total time:500.009 


Instance: HEVTSP_2_50_1_TW_1
Method: SA
Sol: 1 12 39 9 34 42 40 48 20 45 33 13 7 25 19 6 37 2 3 47 46 16 4 21 38 15 36 17 29 10 32 24 31 43 23 50 35 8 49 22 44 27 5 28 30 14 18 26 11 41 2 2 1 2 2 2 2 3 2 3 2 1 1 2 2 1 1 2 2 2 3 1 1 1 1 1 1 2 3 1 2 2 3 2 3 1 1 2 3 1 2 1 1 1 2 2 1 1 1 1 1 
fo: 8967.33
Best time: 138.589
Total time:500.013 


Instance: HEVTSP_2_50_1_TW_2
Method: SA
Sol: 33 1 11 28 49 39 3 17 5 8 35 29 12 6 9 15 25 18 19 7 36 37 47 45 43 27 44 30 50 16 42 40 20 38 46 23 22 21 24 2 31 48 10 13 4 26 41 14 34 32 2 1 3 2 2 2 1 1 2 1 2 1 2 2 4 1 1 2 3 1 1 2 2 2 2 2 2 1 1 4 1 4 1 4 1 1 2 2 2 2 2 2 1 4 2 1 4 1 3 4 1 
fo: 1009788.08
Best time: 183.755
Total time:500.006 


Instance: HEVTSP_2_50_1_TW_3
Method: SA
Sol: 40 41 45 32 27 22 14 33 35 34 49 1 9 21 37 46 44 12 42 47 10 17 24 39 18 6 2 29 15 3 28 38 20 19 5 26 36 30 43 8 23 4 13 11 16 50 25 31 7 48 1 3 2 1 3 1 2 2 1 1 2 3 1 2 1 2 2 2 1 1 2 1 1 1 1 2 2 2 1 2 1 1 1 1 1 1 2 2 1 2 1 3 1 2 1 2 1 2 1 1 1 
fo: 9180.50
Best time: 285.330
Total time:500.007 


Instance: HEVTSP_2_50_1_TW_4
Method: SA
Sol: 33 1 39 25 34 32 49 5 7 3 22 36 45 31 15 11 35 16 10 40 14 2 27 24 17 8 13 28 48 18 29 4 47 50 44 42 43 41 23 46 12 37 26 9 38 20 19 21 6 30 2 1 2 2 2 1 4 1 4 1 2 4 2 1 2 2 2 1 2 2 2 1 4 1 3 1 2 2 1 1 1 1 2 2 1 1 1 4 4 1 1 1 4 2 1 1 4 1 1 1 1 
fo: 1013328.80
Best time: 349.889
Total time:500.007 


Instance: HEVTSP_2_50_1_TW_5
Method: SA
Sol: 33 1 39 29 4 5 3 21 10 11 27 40 49 41 32 23 45 24 15 25 13 19 22 47 7 34 43 50 16 6 8 48 44 14 36 20 12 42 31 28 18 26 46 17 37 9 2 30 35 38 2 4 2 2 2 2 2 1 1 2 1 1 2 1 2 2 2 2 1 4 1 4 1 1 4 2 4 1 4 3 2 2 1 4 2 2 1 3 1 2 4 2 1 1 4 4 2 2 1 2 1 
fo: 1015747.12
Best time: 242.337
Total time:500.011 


Instance: HEVTSP_2_50_2_TW_0
Method: SA
Sol: 8 11 1 21 13 12 34 2 29 5 9 19 4 3 33 48 7 14 22 23 40 10 16 36 31 24 27 15 44 38 35 47 20 17 43 30 37 26 39 46 6 28 42 25 18 49 45 41 50 32 2 2 2 1 3 2 3 3 2 3 2 2 2 2 1 2 3 1 1 1 3 1 2 1 1 2 2 2 2 3 2 1 2 2 2 2 2 2 2 2 1 2 2 2 1 1 1 1 1 1 1 
fo: 8894.58
Best time: 153.720
Total time:500.004 


Instance: HEVTSP_2_50_2_TW_1
Method: SA
Sol: 8 28 21 9 12 19 4 34 33 29 27 5 35 26 48 25 37 20 46 1 50 42 11 15 36 10 13 14 30 45 32 23 3 43 40 49 39 16 31 44 17 6 47 22 24 41 7 2 18 38 2 2 1 2 1 2 1 1 2 1 1 2 2 1 2 1 1 3 3 2 2 2 2 1 1 1 1 4 2 1 1 3 3 1 1 1 2 1 2 2 1 1 1 4 3 2 4 1 2 1 1 
fo: 9047.04
Best time: 254.817
Total time:500.006 


Instance: HEVTSP_2_50_2_TW_2
Method: SA
Sol: 8 24 46 31 6 10 19 26 27 36 30 29 25 38 3 37 18 32 20 49 39 9 16 34 21 15 12 33 2 35 14 22 7 47 44 40 17 41 11 5 1 45 50 13 43 48 28 4 23 42 2 2 1 2 2 2 2 1 1 1 2 4 2 1 2 3 3 3 4 2 4 1 2 2 4 2 2 1 2 2 2 2 2 4 1 1 2 3 2 4 4 2 2 2 4 1 1 4 2 1 1 
fo: 1017971.32
Best time: 214.609
Total time:500.007 


Instance: HEVTSP_2_50_2_TW_3
Method: SA
Sol: 8 21 35 2 14 1 32 39 46 3 13 11 31 19 44 28 10 38 41 34 4 27 26 50 16 25 48 24 45 30 6 18 23 42 29 9 33 15 36 49 20 47 7 12 37 22 40 17 43 5 1 1 2 2 1 2 1 3 1 2 1 1 2 2 2 1 1 3 1 3 2 2 1 2 2 1 2 1 1 2 1 2 3 2 2 3 2 1 2 2 1 2 2 2 1 1 1 1 2 1 1 
fo: 8924.46
Best time: 328.288
Total time:500.010 


Instance: HEVTSP_2_50_2_TW_4
Method: SA
Sol: 8 24 38 11 25 15 39 29 17 12 3 10 49 44 21 46 37 34 36 1 14 26 7 18 20 16 30 28 43 23 9 50 31 41 32 13 19 42 22 40 33 6 48 27 4 45 47 35 5 2 2 1 2 3 2 2 3 2 2 2 1 3 1 3 2 2 3 2 2 2 1 3 3 2 3 2 1 1 1 1 1 1 2 3 2 2 1 1 2 1 2 2 1 1 1 2 4 1 2 1 1 
fo: 8953.88
Best time: 183.595
Total time:500.008 


Instance: HEVTSP_2_50_2_TW_5
Method: SA
Sol: 8 24 21 32 19 46 42 10 29 27 25 36 4 9 20 33 1 3 11 26 31 45 16 14 38 30 12 18 23 17 13 15 28 35 49 48 5 7 22 2 34 39 6 41 47 40 50 37 44 43 2 2 2 1 3 1 2 2 1 1 2 2 1 2 4 3 4 2 2 1 4 1 2 1 4 2 2 2 1 2 2 4 2 2 1 1 2 1 2 2 2 3 1 4 4 4 4 4 1 4 1 
fo: 1011263.16
Best time: 317.353
Total time:500.008 


Instance: HEVTSP_2_50_3_TW_0
Method: SA
Sol: 8 47 35 22 28 45 25 23 34 6 15 19 14 24 39 13 46 4 10 36 12 38 37 33 44 11 29 27 9 7 32 21 40 17 3 16 43 18 48 20 26 5 42 31 49 41 30 50 2 1 2 2 2 2 2 1 2 2 3 3 1 2 1 1 1 2 2 1 2 2 1 2 3 1 3 1 1 2 2 2 1 2 3 2 3 1 2 1 2 2 3 1 2 2 2 2 1 1 3 1 1 
fo: 8912.39
Best time: 184.734
Total time:500.010 


Instance: HEVTSP_2_50_3_TW_1
Method: SA
Sol: 16 17 27 19 5 26 9 48 46 37 43 45 33 49 8 13 40 12 2 11 7 20 42 39 32 29 47 3 15 35 34 6 21 24 22 4 10 18 38 30 44 25 50 14 31 41 23 36 28 1 1 2 2 2 2 3 2 1 1 2 3 1 1 1 2 3 3 1 1 1 2 2 1 1 1 2 1 2 2 1 1 1 1 1 2 1 2 1 2 1 1 1 2 1 2 1 2 1 2 1 1 
fo: 8940.53
Best time: 279.517
Total time:500.008 


Instance: HEVTSP_2_50_3_TW_2
Method: SA
Sol: 23 10 34 9 11 7 17 16 14 43 4 12 42 49 29 19 45 22 5 47 40 25 35 41 26 18 30 33 27 46 31 32 1 20 38 21 50 2 24 39 6 48 37 3 36 13 44 8 28 15 2 2 3 2 2 1 2 1 1 1 1 3 3 3 3 1 2 2 2 3 2 1 2 2 1 1 2 2 1 1 3 2 1 2 1 1 1 2 3 2 2 1 1 2 1 2 2 2 2 2 1 
fo: 9029.98
Best time: 240.380
Total time:500.012 


Instance: HEVTSP_2_50_3_TW_3
Method: SA
Sol: 37 8 9 32 40 36 6 25 17 45 43 23 5 44 30 46 1 3 31 2 4 7 42 10 26 29 19 12 33 22 41 13 18 48 15 20 35 50 16 38 47 49 14 24 27 39 21 28 34 11 2 2 3 1 1 2 2 3 3 2 2 3 1 2 1 2 2 1 2 1 1 2 1 2 1 2 1 2 3 2 2 3 3 2 3 2 2 1 1 1 1 2 2 2 2 1 2 1 2 3 1 
fo: 8987.41
Best time: 285.155
Total time:500.008 


Instance: HEVTSP_2_50_3_TW_4
Method: SA
Sol: 8 23 27 19 16 46 11 41 29 10 43 38 32 5 28 20 4 21 22 30 45 37 26 12 18 47 48 17 2 25 6 50 33 36 34 14 15 42 13 40 39 3 24 49 44 35 31 7 9 1 2 1 3 2 3 2 2 2 2 2 2 2 3 1 2 3 2 1 2 1 1 1 2 1 2 2 2 2 1 1 2 1 3 3 3 1 3 1 2 1 2 2 2 1 1 2 2 2 2 3 1 
fo: 9048.43
Best time: 203.836
Total time:500.010 


Instance: HEVTSP_2_50_3_TW_5
Method: SA
Sol: 8 23 4 41 34 29 9 30 27 11 45 46 20 32 16 24 22 37 43 36 5 10 44 12 3 2 47 25 48 50 1 17 7 21 38 26 28 39 19 40 42 6 49 35 14 31 33 15 13 18 2 1 1 1 1 1 2 3 1 2 1 1 1 2 3 1 2 2 2 1 2 2 3 2 1 4 1 1 1 2 2 2 2 2 4 1 4 1 3 1 3 2 1 1 4 2 1 1 4 2 1 
fo: 9229.20
Best time: 326.304
Total time:500.004 


Instance: HEVTSP_3_50_1_TW_0
Method: SA
Sol: 1 37 31 46 19 2 41 21 33 24 17 35 20 49 14 47 44 34 28 18 9 39 12 15 42 40 45 11 4 27 13 50 30 16 8 36 23 38 29 5 22 7 32 10 3 26 43 48 6 25 2 3 3 2 3 3 2 1 3 3 2 2 3 2 3 2 1 2 2 2 4 2 3 2 1 2 2 1 3 1 2 2 1 2 2 1 1 1 2 1 1 2 2 1 1 2 1 1 2 1 1 
fo: 14359.70
Best time: 233.859
Total time:500.008 


Instance: HEVTSP_3_50_1_TW_1
Method: SA
Sol: 1 28 24 17 21 4 41 42 25 8 37 40 47 39 45 49 26 38 22 11 43 13 5 36 14 46 19 3 10 23 29 9 2 6 27 34 32 20 31 18 12 16 50 7 48 15 35 44 30 33 2 2 2 3 2 2 2 2 3 2 1 2 3 3 1 1 3 3 1 1 3 2 3 2 3 2 1 2 1 2 4 2 2 2 1 1 1 1 2 2 2 2 2 1 3 2 2 2 3 2 1 
fo: 14554.84
Best time: 254.242
Total time:500.006 


Instance: HEVTSP_3_50_1_TW_2
Method: SA
Sol: 1 30 32 44 45 6 38 7 40 17 31 8 15 4 49 12 14 43 36 11 13 26 47 27 42 48 46 39 41 34 37 50 33 35 19 10 18 29 25 16 21 2 28 3 23 20 22 5 24 9 2 2 2 1 2 2 2 2 3 3 1 1 1 3 2 3 3 2 3 1 2 1 2 1 2 1 1 2 2 2 2 1 2 2 1 2 3 2 1 2 1 1 3 3 2 3 2 4 3 3 1 
fo: 14525.73
Best time: 351.632
Total time:500.006 


Instance: HEVTSP_3_50_1_TW_3
Method: SA
Sol: 1 38 30 45 2 44 36 32 48 14 28 6 35 37 18 49 13 26 43 29 11 31 20 42 25 46 7 34 23 27 15 3 39 19 40 4 24 9 22 8 50 47 10 33 5 17 16 12 21 41 2 2 2 3 2 3 1 2 2 2 1 1 1 2 2 1 1 3 1 3 1 3 1 1 2 1 1 2 1 2 2 3 2 1 2 2 3 3 3 1 3 2 1 2 1 2 3 2 1 2 1 
fo: 14515.91
Best time: 319.632
Total time:500.009 


Instance: HEVTSP_3_50_1_TW_4
Method: SA
Sol: 1 38 45 44 36 46 11 17 12 14 43 24 49 5 2 7 25 27 37 26 16 6 15 13 21 31 8 42 34 50 9 41 32 3 39 35 23 30 40 4 48 29 19 33 10 28 22 18 47 20 2 1 3 1 3 1 1 2 3 3 2 2 1 1 1 2 2 4 2 1 1 2 2 1 2 1 1 1 1 3 3 1 2 3 1 2 2 2 1 2 3 2 1 2 3 2 2 3 2 3 1 
fo: 14595.63
Best time: 239.823
Total time:500.002 


Instance: HEVTSP_3_50_1_TW_5
Method: SA
Sol: 1 38 45 32 20 12 25 41 4 14 36 28 11 5 19 24 15 22 18 27 39 46 6 13 42 23 49 8 21 40 16 31 48 33 43 26 2 34 50 35 37 29 7 47 17 9 30 44 3 10 2 1 3 3 1 1 2 2 2 2 3 2 1 1 3 2 2 1 3 3 1 2 2 2 2 2 1 1 1 3 3 3 2 2 2 1 2 1 1 1 2 1 2 3 2 2 2 3 2 4 1 
fo: 14543.86
Best time: 295.137
Total time:500.005 


Instance: HEVTSP_3_50_2_TW_0
Method: SA
Sol: 42 24 29 3 17 16 38 35 45 2 25 26 23 12 27 44 37 34 9 31 21 22 49 7 5 50 30 6 46 48 15 43 10 8 36 11 4 33 28 20 39 40 47 32 18 14 41 19 1 13 2 2 2 3 2 1 2 1 3 3 3 2 2 1 1 1 1 3 1 2 2 3 1 1 2 3 1 2 2 2 1 3 2 2 2 1 3 3 1 1 1 1 2 2 1 2 1 2 1 2 1 
fo: 14474.19
Best time: 236.655
Total time:500.008 


Instance: HEVTSP_3_50_2_TW_1
Method: SA
Sol: 42 17 10 32 12 38 39 5 24 9 6 30 3 31 23 28 35 29 33 25 50 46 11 47 1 16 36 49 2 8 19 14 20 44 41 45 34 7 22 37 48 15 18 40 13 43 26 4 27 21 2 2 1 2 3 2 2 2 3 1 2 1 1 2 1 1 1 2 3 3 1 3 1 2 1 2 1 1 3 1 2 2 1 2 4 3 3 1 4 2 1 1 2 1 1 2 1 1 1 4 1 
fo: 14557.47
Best time: 259.988
Total time:500.007 


Instance: HEVTSP_3_50_2_TW_2
Method: SA
Sol: 42 28 24 32 41 34 27 48 3 35 9 8 29 11 2 17 49 50 39 38 15 23 5 22 6 30 33 18 10 47 7 1 19 26 14 4 20 36 21 40 31 44 46 37 25 43 16 12 45 13 2 1 1 1 3 3 1 2 3 3 3 2 3 2 2 2 1 2 2 1 3 1 3 2 2 2 3 1 1 1 1 1 2 3 1 2 1 2 1 2 2 1 2 1 1 1 2 2 1 3 1 
fo: 14462.76
Best time: 274.168
Total time:500.007 


Instance: HEVTSP_3_50_2_TW_3
Method: SA
Sol: 42 38 25 24 44 7 31 46 16 43 27 33 45 35 12 34 11 8 26 30 50 47 21 32 23 3 48 1 13 15 49 14 36 18 39 9 6 20 10 41 28 37 29 19 4 22 5 17 40 2 2 1 2 1 1 2 2 3 3 2 2 2 2 3 2 2 3 1 1 2 1 2 1 2 3 1 2 2 1 1 2 3 2 3 1 2 2 2 1 3 1 2 2 2 3 2 1 2 1 2 1 
fo: 14516.97
Best time: 187.991
Total time:500.005 


Instance: HEVTSP_3_50_2_TW_4
Method: SA
Sol: 42 38 32 10 3 31 35 40 34 48 37 17 39 29 19 11 22 26 1 18 7 12 46 21 30 9 4 33 47 5 8 43 6 15 23 24 41 27 20 36 13 50 2 25 14 45 16 28 49 44 2 1 2 1 2 2 2 1 3 3 1 3 2 2 2 2 1 3 2 1 1 3 1 2 1 1 2 1 1 2 1 2 1 4 1 1 4 1 2 1 3 3 2 1 3 3 2 2 1 2 1 
fo: 14525.32
Best time: 247.534
Total time:500.011 


Instance: HEVTSP_3_50_2_TW_5
Method: SA
Sol: 42 17 10 31 49 9 24 23 29 13 28 27 45 11 38 32 8 48 7 6 12 39 33 47 36 1 50 20 41 22 44 18 21 30 34 19 5 16 35 25 15 3 26 43 14 2 40 4 37 46 2 3 1 3 2 2 2 1 3 3 2 3 1 2 1 2 1 3 2 2 1 2 1 2 1 1 1 2 1 2 4 1 1 1 2 1 2 1 2 1 1 2 3 2 1 3 2 3 2 3 1 
fo: 14471.50
Best time: 134.295
Total time:500.009 


Instance: HEVTSP_3_50_3_TW_0
Method: SA
Sol: 39 42 14 22 43 47 29 16 34 24 36 4 6 33 27 38 12 21 10 40 45 35 30 46 32 20 26 11 31 48 18 13 9 8 25 23 5 44 1 15 37 2 28 19 49 17 3 7 41 50 2 3 2 1 3 1 2 1 2 3 2 2 2 3 3 2 2 2 1 1 3 2 1 1 1 3 3 2 2 3 2 1 3 1 2 2 1 2 2 1 2 2 1 1 2 4 2 1 3 1 1 
fo: 14366.59
Best time: 309.061
Total time:500.009 


Instance: HEVTSP_3_50_3_TW_1
Method: SA
Sol: 29 42 16 4 6 47 37 24 9 17 38 39 22 19 14 44 18 49 36 7 10 28 15 27 45 41 13 12 32 21 3 34 35 5 40 20 31 30 46 26 2 48 33 43 23 1 8 50 25 11 2 3 2 1 3 1 1 2 1 1 3 2 2 3 2 2 3 2 2 2 3 1 2 2 1 3 2 2 2 2 1 1 1 2 2 3 1 1 2 2 2 1 3 2 3 1 2 1 1 2 1 
fo: 14396.24
Best time: 359.789
Total time:500.007 


Instance: HEVTSP_3_50_3_TW_2
Method: SA
Sol: 41 22 42 16 48 6 14 23 34 17 24 49 31 26 40 36 29 10 47 44 30 27 33 19 3 4 2 9 7 12 21 18 32 50 13 35 8 11 39 38 25 28 46 45 37 15 43 20 1 5 2 1 1 1 1 3 1 3 1 3 1 2 3 2 1 2 2 3 3 2 2 3 2 2 2 2 1 2 2 2 3 3 3 2 2 1 1 2 2 2 2 2 1 3 2 1 3 2 2 3 1 
fo: 14296.01
Best time: 347.973
Total time:500.008 


Instance: HEVTSP_3_50_3_TW_3
Method: SA
Sol: 39 17 18 42 43 4 6 22 49 24 36 10 44 30 21 29 45 9 33 25 26 5 32 37 41 48 14 35 50 40 11 1 47 8 28 19 16 34 2 23 3 12 46 31 20 13 38 15 27 7 2 2 3 3 2 1 2 3 2 1 1 1 3 1 1 2 1 2 1 1 2 3 1 2 3 3 2 1 1 2 2 2 2 1 1 2 2 1 2 3 4 2 2 3 4 2 2 2 2 3 1 
fo: 14453.27
Best time: 261.804
Total time:500.010 


Instance: HEVTSP_3_50_3_TW_4
Method: SA
Sol: 29 22 47 42 27 16 6 3 43 28 12 49 19 8 38 4 26 40 37 18 39 7 33 36 30 10 2 20 32 9 48 45 14 13 11 17 46 31 15 23 41 44 21 34 24 50 25 5 35 1 2 3 2 3 2 2 1 1 1 2 3 3 3 3 1 2 2 2 2 2 1 2 1 2 1 2 2 2 2 3 2 2 1 2 1 3 3 1 3 4 3 2 3 2 2 1 2 3 1 1 1 
fo: 14393.22
Best time: 303.132
Total time:500.011 


Instance: HEVTSP_3_50_3_TW_5
Method: SA
Sol: 50 41 42 7 39 24 47 31 6 14 25 8 27 22 12 10 26 40 4 5 17 44 11 1 20 2 45 33 37 48 49 21 19 16 9 38 36 28 32 23 18 34 3 29 13 46 15 35 30 43 2 1 1 2 2 3 1 3 2 3 1 2 4 1 1 3 2 4 3 1 2 2 1 2 1 2 3 2 3 2 2 1 1 2 2 3 2 2 1 1 3 1 1 1 1 4 1 4 1 1 1 
fo: 14636.90
Best time: 175.612
Total time:500.012 
