

Instance: HEVTSP_1_50_1_TW_0
Method: SA
Sol: 5 9 28 38 16 43 26 25 21 32 11 2 7 6 39 10 4 14 27 24 36 44 35 41 30 40 18 48 23 15 50 46 31 34 29 13 45 37 3 33 22 19 42 17 49 1 47 20 12 8 2 2 2 2 2 1 1 2 1 1 1 2 4 2 1 2 1 4 2 2 2 2 2 1 2 2 2 1 3 2 2 2 2 1 3 2 2 2 3 2 2 2 1 2 2 4 1 1 3 4 1 
fo: 6470.11
Best time: 200.642
Total time:500.001 


Instance: HEVTSP_1_50_1_TW_1
Method: SA
Sol: 22 8 16 29 5 9 13 34 24 17 1 42 43 6 19 45 33 41 44 14 36 50 15 25 30 4 48 40 32 7 28 11 2 21 26 35 23 20 47 37 3 12 49 10 27 38 18 46 39 31 2 2 3 2 2 1 1 1 2 3 2 2 2 2 2 1 1 2 1 2 1 4 2 1 4 1 1 1 3 2 2 2 3 2 1 2 2 2 1 2 1 4 1 2 2 3 2 2 2 2 2 
fo: 1027156.60
Best time: 290.905
Total time:500.001 


Instance: HEVTSP_1_50_1_TW_2
Method: SA
Sol: 16 12 8 28 27 5 9 42 24 1 43 13 19 20 49 47 22 33 45 3 37 46 15 23 41 31 14 50 4 40 10 17 35 25 39 30 36 32 11 7 21 2 26 34 6 44 38 48 18 29 2 2 2 1 1 2 2 1 2 1 2 2 4 2 2 2 1 2 2 1 1 2 2 1 2 1 4 1 1 2 2 1 1 2 2 4 2 2 2 2 4 2 2 4 1 1 1 2 2 2 4 
fo: 3211781.76
Best time: 294.059
Total time:500.001 


Instance: HEVTSP_1_50_1_TW_3
Method: SA
Sol: 28 12 1 23 14 37 3 22 35 18 2 17 48 11 39 26 25 15 44 33 45 46 31 27 24 42 13 34 41 36 50 10 40 4 30 7 32 6 21 9 19 43 47 20 49 16 8 5 29 38 2 2 1 2 1 2 2 2 1 2 2 2 3 1 2 4 2 2 3 2 2 1 2 1 1 1 1 2 2 1 2 2 2 2 2 1 3 2 3 2 2 1 2 1 2 1 4 3 1 2 4 
fo: 6528.14
Best time: 325.853
Total time:500.001 


Instance: HEVTSP_1_50_1_TW_4
Method: SA
Sol: 8 5 16 31 13 9 24 35 17 1 43 20 12 18 39 44 45 33 36 41 14 15 50 4 10 40 25 30 48 32 11 26 21 19 46 28 23 37 22 42 47 34 49 27 7 2 6 3 29 38 2 1 2 2 2 1 2 4 1 2 1 2 2 1 1 2 4 1 2 1 2 1 2 2 4 2 2 1 4 1 2 4 2 2 1 2 1 1 3 4 3 1 1 1 2 2 2 2 1 1 4 
fo: 1024620.72
Best time: 373.896
Total time:500.000 


Instance: HEVTSP_1_50_1_TW_5
Method: SA
Sol: 12 8 16 13 28 27 9 5 17 43 22 1 47 49 19 20 37 44 46 45 33 3 50 36 23 35 14 15 10 41 48 40 30 24 2 25 42 21 6 11 7 18 4 39 32 26 34 31 38 29 1 1 2 2 2 2 2 2 1 1 2 1 2 2 2 2 2 1 2 3 1 2 2 1 1 2 3 2 2 1 1 2 2 2 1 1 1 4 2 2 3 2 2 2 1 4 4 1 2 1 2 
fo: 3856889.68
Best time: 270.145
Total time:500.000 


Instance: HEVTSP_1_50_2_TW_0
Method: SA
Sol: 40 16 42 35 37 44 4 49 19 41 5 45 48 34 26 46 10 3 24 47 2 27 32 33 38 13 43 23 8 22 18 21 6 15 39 28 50 17 1 11 36 7 31 12 20 30 14 29 25 9 2 4 2 2 2 1 2 2 2 2 2 2 1 2 2 2 3 2 1 1 2 2 1 2 2 2 2 2 1 1 3 4 3 2 2 3 2 2 4 2 2 2 1 3 2 1 2 4 3 1 1 
fo: 5789.97
Best time: 171.652
Total time:500.000 


Instance: HEVTSP_1_50_2_TW_1
Method: SA
Sol: 33 44 42 14 29 16 40 27 46 39 31 17 2 36 1 32 10 8 21 43 3 41 5 22 50 4 38 49 34 15 45 19 9 7 35 25 26 24 18 13 23 48 28 11 12 20 47 6 37 30 2 1 2 1 1 2 2 1 1 2 1 1 3 2 2 2 2 2 2 2 1 2 2 2 1 2 2 2 2 2 2 1 1 4 4 2 2 1 2 2 2 2 2 1 1 3 1 1 1 2 1 
fo: 1030891.32
Best time: 203.361
Total time:500.001 


Instance: HEVTSP_1_50_2_TW_2
Method: SA
Sol: 14 42 9 44 40 16 30 35 29 2 20 27 31 32 11 1 7 17 36 47 12 23 8 10 41 38 49 18 43 22 24 39 33 19 48 15 46 28 45 21 50 6 4 5 13 26 34 25 3 37 2 2 2 2 2 2 2 1 1 2 1 4 2 2 2 3 4 1 2 2 2 1 2 4 1 2 1 1 1 2 1 1 1 2 2 2 3 3 2 1 2 1 4 2 2 1 2 1 1 1 3 
fo: 3732228.07
Best time: 170.524
Total time:500.001 


Instance: HEVTSP_1_50_2_TW_3
Method: SA
Sol: 29 10 24 35 16 14 40 17 2 12 20 27 26 34 21 33 4 48 15 28 19 18 5 49 41 38 39 46 6 3 50 45 7 31 32 42 47 36 1 11 23 43 13 8 22 44 30 9 37 25 2 1 1 2 2 2 2 1 2 2 2 1 1 2 2 1 2 3 2 1 2 2 1 3 2 2 2 3 2 3 2 3 1 2 2 2 1 2 2 1 2 2 3 2 2 2 2 4 3 2 1 
fo: 5765.69
Best time: 205.978
Total time:500.001 


Instance: HEVTSP_1_50_2_TW_4
Method: SA
Sol: 47 46 14 42 44 29 40 16 20 12 27 1 2 32 31 17 36 10 35 8 43 45 41 21 22 33 49 48 50 4 15 38 19 28 7 30 26 34 24 13 39 23 5 11 6 3 18 25 37 9 2 2 2 1 2 2 2 2 2 1 4 2 2 1 1 4 1 4 2 1 2 2 2 3 1 1 1 1 1 1 2 1 3 2 1 2 1 2 2 2 4 1 2 1 1 1 2 1 2 1 3 
fo: 1087059.91
Best time: 242.206
Total time:500.000 


Instance: HEVTSP_1_50_2_TW_5
Method: SA
Sol: 44 9 30 42 16 29 40 27 20 35 12 14 17 2 7 1 36 24 32 47 23 43 13 41 22 18 10 38 8 11 45 48 15 46 50 19 28 39 49 4 3 33 5 6 26 31 34 21 25 37 2 2 3 2 2 2 2 1 2 4 2 2 2 2 1 3 2 4 1 2 1 1 2 2 2 4 2 1 1 2 2 4 3 1 1 1 4 2 2 4 2 1 2 2 2 2 1 4 2 1 1 
fo: 4259295.13
Best time: 262.453
Total time:500.000 


Instance: HEVTSP_1_50_3_TW_0
Method: SA
Sol: 3 43 42 44 22 41 9 37 6 15 30 40 33 20 19 17 4 14 10 39 36 8 34 25 35 32 48 21 11 31 13 5 47 45 29 46 26 23 50 27 2 12 7 1 16 28 49 24 18 38 2 2 2 2 2 1 2 2 2 2 2 2 1 3 3 1 2 2 4 2 2 1 1 2 2 2 1 3 1 1 3 1 2 2 1 2 1 1 2 3 2 1 2 2 4 1 1 2 1 1 3 
fo: 5467.54
Best time: 258.604
Total time:500.000 


Instance: HEVTSP_1_50_3_TW_1
Method: SA
Sol: 13 39 38 3 18 2 9 44 47 29 23 45 50 41 28 27 26 7 37 46 12 16 33 15 30 6 11 21 31 8 5 1 35 19 24 10 20 49 14 22 40 17 4 48 32 36 43 42 34 25 1 1 2 2 2 2 1 1 2 1 2 2 2 2 2 2 1 1 2 2 2 4 4 4 4 1 2 2 2 2 1 4 1 2 2 1 4 2 2 1 3 2 3 1 1 1 2 1 1 1 3 
fo: 1010795.25
Best time: 288.320
Total time:500.000 


Instance: HEVTSP_1_50_3_TW_2
Method: SA
Sol: 24 34 18 38 42 3 44 45 50 49 29 23 27 41 37 2 26 7 47 28 46 12 30 40 16 33 22 1 21 15 13 31 11 32 17 36 39 19 14 35 9 5 4 48 8 10 20 6 25 43 2 2 1 2 2 1 2 1 1 2 1 1 1 1 2 2 2 1 1 2 2 1 2 2 1 1 1 2 4 4 1 1 1 4 1 1 2 2 1 2 1 4 2 2 1 2 3 2 2 1 3 
fo: 3481391.37
Best time: 197.650
Total time:500.001 


Instance: HEVTSP_1_50_3_TW_3
Method: SA
Sol: 18 42 34 38 24 3 31 14 21 19 48 32 20 39 36 12 37 44 47 9 2 46 45 29 49 27 41 50 23 26 22 15 1 5 7 8 17 4 10 13 11 33 40 6 30 16 28 35 25 43 2 1 2 1 1 2 2 2 1 2 1 2 2 1 2 2 1 2 1 3 3 1 2 2 2 1 1 3 2 1 1 2 1 2 2 1 3 1 3 2 4 1 1 2 1 2 3 2 2 2 3 
fo: 5283.79
Best time: 206.221
Total time:500.000 


Instance: HEVTSP_1_50_3_TW_4
Method: SA
Sol: 34 49 38 42 9 29 44 47 41 50 23 45 32 27 46 1 7 12 28 33 16 30 15 6 21 26 11 31 35 18 39 14 40 10 19 20 24 5 36 3 37 2 22 17 13 8 4 48 25 43 1 2 2 1 1 1 2 2 2 2 2 4 2 1 2 1 2 2 1 2 3 2 2 1 1 2 1 4 2 2 3 1 1 1 4 3 1 2 1 2 1 2 2 1 2 2 2 4 1 1 2 
fo: 1047349.22
Best time: 301.479
Total time:500.001 


Instance: HEVTSP_1_50_3_TW_5
Method: SA
Sol: 3 18 24 38 34 29 44 45 47 42 49 2 9 41 23 27 46 37 12 50 22 26 28 33 5 1 6 30 15 13 7 40 31 21 32 39 11 48 4 8 19 36 10 17 20 16 43 25 14 35 1 2 1 2 2 2 2 4 2 1 2 2 2 2 4 2 1 1 2 2 1 2 2 2 1 1 2 2 1 2 2 2 1 2 2 2 4 2 4 2 1 2 4 4 1 1 2 2 4 3 2 
fo: 3640306.96
Best time: 141.539
Total time:500.001 


Instance: HEVTSP_2_50_1_TW_0
Method: SA
Sol: 1 14 35 43 46 2 20 27 40 12 29 18 3 30 50 37 6 44 16 32 42 22 8 21 48 38 15 41 24 11 28 19 45 26 10 36 17 33 7 49 34 4 9 23 31 25 13 47 39 5 2 2 2 2 1 2 1 2 2 3 1 2 3 1 4 2 1 2 2 2 1 1 2 2 1 1 2 2 1 2 2 1 4 2 1 1 1 4 2 2 1 4 1 4 2 4 4 2 2 4 1 
fo: 1048750.09
Best time: 224.837
Total time:500.000 


Instance: HEVTSP_2_50_1_TW_1
Method: SA
Sol: 33 36 39 23 1 8 13 4 26 11 7 43 24 49 14 27 48 46 38 41 20 2 15 35 32 42 22 28 16 6 50 21 19 34 9 12 18 10 3 37 30 44 47 31 17 5 25 40 29 45 1 1 2 1 2 2 2 1 2 1 2 2 1 2 2 2 2 1 2 4 2 3 1 1 2 3 2 2 1 3 3 2 3 1 1 1 1 2 4 2 1 2 1 1 2 4 2 1 2 2 1 
fo: 1386001.98
Best time: 287.878
Total time:500.001 


Instance: HEVTSP_2_50_1_TW_2
Method: SA
Sol: 39 47 33 4 5 13 40 26 24 8 14 7 11 48 27 38 41 46 43 34 20 49 2 15 22 19 44 30 37 50 6 45 42 21 32 3 29 18 12 23 36 25 35 16 28 10 9 31 1 17 2 2 2 2 2 4 4 2 1 1 1 1 2 1 2 1 2 1 3 2 1 3 4 1 2 1 1 2 2 4 3 1 2 1 1 2 1 4 1 1 1 2 2 2 2 2 1 1 3 4 1 
fo: 3872119.37
Best time: 275.517
Total time:500.000 


Instance: HEVTSP_2_50_1_TW_3
Method: SA
Sol: 25 21 2 20 48 15 43 46 35 27 7 8 24 38 41 14 11 22 18 29 12 10 9 23 34 28 19 16 6 42 49 32 30 45 37 50 44 4 40 3 26 13 5 36 47 31 17 1 39 33 2 1 2 2 1 2 1 4 4 1 1 2 2 2 1 3 2 2 1 1 1 1 2 1 2 1 2 1 1 2 1 1 2 1 2 2 4 1 1 4 1 4 1 2 4 1 1 1 1 2 1 
fo: 1052291.85
Best time: 366.283
Total time:500.000 


Instance: HEVTSP_2_50_1_TW_4
Method: SA
Sol: 8 34 39 43 33 13 40 26 4 11 7 24 46 48 27 38 14 41 35 15 20 49 28 32 22 2 21 42 19 29 23 6 50 25 3 18 47 5 12 31 17 1 36 10 9 16 37 45 44 30 2 2 2 1 1 1 2 2 2 1 4 3 2 4 2 1 4 2 2 2 1 2 2 2 4 4 2 2 2 1 1 2 1 2 2 2 3 4 1 1 1 2 2 3 2 2 2 4 3 1 1 
fo: 1520580.02
Best time: 293.627
Total time:500.000 


Instance: HEVTSP_2_50_1_TW_5
Method: SA
Sol: 39 33 47 13 4 5 26 11 34 40 24 8 14 35 38 7 43 2 15 46 48 27 41 21 22 20 49 42 16 28 44 6 3 19 30 32 12 31 9 10 25 36 17 1 45 29 23 37 50 18 2 2 2 2 1 2 4 1 1 1 2 2 1 2 1 1 4 2 2 2 2 2 3 1 1 2 2 2 2 1 3 2 1 2 1 2 1 1 4 2 1 1 2 2 2 3 3 2 3 2 2 
fo: 4224758.20
Best time: 191.413
Total time:500.000 


Instance: HEVTSP_2_50_2_TW_0
Method: SA
Sol: 48 10 17 34 15 29 39 3 2 25 18 32 45 5 37 4 6 22 49 7 46 11 21 31 20 14 27 13 8 23 40 26 33 50 9 47 19 42 1 24 38 12 30 36 35 43 44 41 16 28 2 2 1 4 3 2 1 2 4 1 2 1 1 1 4 1 1 1 4 2 2 2 2 1 2 2 2 2 2 4 1 2 1 1 2 1 1 1 1 4 2 2 1 4 1 2 2 2 1 3 1 
fo: 11886.46
Best time: 376.159
Total time:500.001 


Instance: HEVTSP_2_50_2_TW_1
Method: SA
Sol: 43 8 23 25 17 48 28 44 16 36 41 2 3 29 49 11 7 46 39 22 45 21 6 27 37 50 32 31 4 5 19 9 47 20 34 1 42 18 26 12 10 30 35 13 24 38 14 15 33 40 2 2 1 2 2 1 2 1 3 2 2 2 2 2 4 2 1 4 2 2 2 2 1 2 3 1 1 1 4 4 2 4 2 2 2 1 2 3 2 1 2 1 2 1 1 2 2 2 3 1 1 
fo: 1140988.31
Best time: 212.538
Total time:500.000 


Instance: HEVTSP_2_50_2_TW_2
Method: SA
Sol: 17 13 25 8 48 16 28 41 44 43 35 36 2 29 10 12 30 49 39 3 22 7 46 24 11 6 5 21 38 50 45 4 37 33 27 47 9 14 20 18 26 42 19 31 15 34 40 23 1 32 2 1 1 4 2 1 1 2 4 4 2 2 2 1 1 2 4 2 2 1 1 2 1 1 1 2 2 3 4 2 2 1 1 2 2 4 2 2 4 1 2 3 2 2 2 2 2 1 1 2 2 
fo: 2955580.37
Best time: 212.580
Total time:500.000 


Instance: HEVTSP_2_50_2_TW_3
Method: SA
Sol: 47 27 46 24 10 48 13 44 43 35 16 41 30 15 1 42 18 12 29 2 36 17 28 25 8 34 19 50 45 21 31 39 38 22 7 3 49 6 5 32 37 9 33 4 14 11 20 26 23 40 2 1 2 2 2 4 2 1 1 4 2 2 2 2 2 1 2 1 2 2 2 2 1 4 1 1 1 4 2 1 1 2 2 2 1 1 2 1 2 2 2 1 2 3 2 3 2 4 1 4 1 
fo: 1018035.04
Best time: 239.288
Total time:500.001 


Instance: HEVTSP_2_50_2_TW_4
Method: SA
Sol: 8 25 28 17 43 48 13 16 10 41 44 46 3 29 7 49 22 2 38 30 36 12 39 31 21 11 32 50 45 6 5 9 47 19 4 1 24 26 42 20 34 27 18 14 23 40 15 33 37 35 2 2 1 4 2 2 2 1 1 2 2 2 3 1 2 2 1 2 3 2 2 1 4 1 1 2 1 1 2 2 4 1 2 2 2 1 1 2 1 2 3 1 2 4 2 4 2 1 3 2 1 
fo: 1248791.55
Best time: 317.954
Total time:500.000 


Instance: HEVTSP_2_50_2_TW_5
Method: SA
Sol: 25 8 17 28 48 16 44 13 43 10 41 35 29 24 12 22 3 2 49 7 30 36 39 38 21 31 46 11 4 50 32 33 6 5 45 9 19 47 27 18 15 37 14 26 23 42 1 20 40 34 2 2 2 2 2 2 4 1 2 2 4 4 1 2 1 2 2 4 2 2 2 2 2 2 1 2 2 3 1 2 1 2 1 4 3 1 2 1 4 1 2 3 2 2 4 2 4 3 2 1 2 
fo: 3344897.62
Best time: 290.261
Total time:500.000 


Instance: HEVTSP_2_50_3_TW_0
Method: SA
Sol: 21 15 37 48 8 23 41 16 10 4 31 28 38 12 34 9 43 14 6 25 19 1 18 44 45 50 46 20 26 13 24 33 47 22 29 39 36 42 5 2 11 40 7 49 35 17 30 27 3 32 2 1 3 2 2 4 1 4 2 2 1 1 1 1 3 2 1 2 2 1 1 2 1 3 1 2 1 2 2 1 2 2 1 1 2 1 4 3 1 1 1 1 4 1 2 3 1 1 1 2 1 
fo: 1024408.41
Best time: 297.319
Total time:500.001 


Instance: HEVTSP_2_50_3_TW_1
Method: SA
Sol: 2 16 37 48 31 8 23 10 28 4 41 49 27 17 34 46 38 7 12 24 14 19 25 50 6 30 1 18 44 45 9 11 42 5 21 39 40 29 22 26 33 13 15 47 36 35 32 3 20 43 2 2 1 4 2 1 2 1 1 1 3 1 2 4 2 1 2 2 2 2 2 3 1 2 2 1 2 2 2 1 2 2 1 1 2 1 1 3 3 2 2 4 3 2 2 4 1 4 2 2 1 
fo: 1238911.00
Best time: 216.184
Total time:500.001 


Instance: HEVTSP_2_50_3_TW_2
Method: SA
Sol: 23 37 48 31 16 41 10 8 4 28 17 35 32 49 30 6 24 3 27 45 46 20 12 34 43 14 50 44 25 18 1 19 40 5 9 39 22 47 33 38 13 21 36 42 29 11 7 2 26 15 2 2 1 2 1 2 1 2 2 1 2 4 2 2 2 1 3 1 2 1 1 2 2 2 1 2 1 1 2 1 1 2 4 2 1 2 1 4 2 3 2 2 2 3 3 2 3 4 2 1 2 
fo: 3593488.10
Best time: 135.849
Total time:500.000 


Instance: HEVTSP_2_50_3_TW_3
Method: SA
Sol: 30 27 49 17 35 3 32 11 42 21 2 5 39 36 9 12 34 38 20 24 22 29 7 47 4 10 33 26 13 31 19 50 45 1 44 25 6 46 14 18 43 40 41 8 16 48 15 23 37 28 2 4 1 4 1 2 2 2 2 1 2 3 1 2 1 1 1 2 2 1 1 2 2 2 2 2 4 1 2 2 2 2 2 1 2 1 2 3 2 4 4 2 2 2 1 4 4 1 1 4 1 
fo: 1036548.71
Best time: 231.063
Total time:500.000 


Instance: HEVTSP_2_50_3_TW_4
Method: SA
Sol: 33 4 16 10 37 12 31 28 17 32 35 6 27 48 38 2 19 24 45 14 50 3 25 44 18 1 34 9 39 40 11 36 5 29 7 47 22 21 26 42 13 15 23 41 8 49 46 20 30 43 2 1 2 1 1 1 2 1 2 2 1 1 1 2 2 1 1 4 1 4 1 1 2 1 2 1 2 1 2 2 2 3 1 3 2 2 2 1 2 4 1 2 2 2 2 2 2 2 3 4 2 
fo: 1338738.61
Best time: 248.680
Total time:500.000 


Instance: HEVTSP_2_50_3_TW_5
Method: SA
Sol: 31 8 37 16 41 48 10 4 28 30 35 17 27 20 46 3 49 34 12 19 24 50 45 43 14 18 25 1 44 36 9 11 21 2 5 40 39 47 6 33 26 38 22 23 15 32 42 29 7 13 2 2 1 2 2 3 1 2 3 1 2 1 2 1 1 1 2 1 4 2 1 2 1 2 1 2 1 1 3 1 1 2 1 3 3 1 1 1 2 2 2 1 4 3 2 2 2 1 2 4 1 
fo: 4216666.43
Best time: 182.114
Total time:500.000 


Instance: HEVTSP_3_50_1_TW_0
Method: SA
Sol: 30 1 42 20 18 50 49 46 24 44 33 8 6 25 47 12 28 38 39 5 37 3 35 14 27 2 13 4 22 17 29 26 21 31 40 9 16 41 15 48 36 34 19 11 32 45 10 7 43 23 2 1 1 1 2 3 2 1 2 1 2 2 1 2 2 1 3 2 2 2 1 4 3 1 4 2 2 3 1 1 3 2 2 1 3 2 2 1 1 3 2 1 2 2 2 3 4 4 3 2 1 
fo: 17202.53
Best time: 214.605
Total time:500.000 


Instance: HEVTSP_3_50_1_TW_1
Method: SA
Sol: 1 37 7 45 39 38 43 41 19 12 28 44 42 20 48 15 36 34 46 6 24 40 18 21 9 49 31 26 50 29 47 25 32 4 13 22 5 3 27 35 14 8 16 2 17 10 23 30 11 33 2 2 2 3 3 1 4 2 3 1 4 1 2 1 1 2 1 1 1 1 4 2 1 1 4 2 2 4 1 2 2 1 1 2 3 2 2 3 3 1 1 2 1 1 1 2 1 3 2 1 1 
fo: 18444.29
Best time: 221.617
Total time:500.001 


Instance: HEVTSP_3_50_1_TW_2
Method: SA
Sol: 30 1 39 10 7 32 38 11 43 33 28 20 41 8 23 34 15 19 12 42 44 48 36 16 6 9 49 26 24 46 40 47 29 17 21 25 50 18 22 2 13 31 5 37 45 35 27 14 4 3 2 3 1 3 2 2 2 4 2 2 2 4 2 4 1 1 2 1 1 2 4 2 2 1 1 1 2 3 1 2 2 2 3 4 1 1 2 3 1 1 4 2 1 1 2 2 1 2 1 1 2 
fo: 2175129.98
Best time: 308.421
Total time:500.001 


Instance: HEVTSP_3_50_1_TW_3
Method: SA
Sol: 1 23 11 43 15 36 34 7 38 12 32 13 2 4 10 17 25 47 31 28 42 20 33 8 16 46 6 24 9 21 26 50 18 49 29 40 48 44 19 41 22 14 27 37 3 35 5 39 45 30 2 2 3 1 1 3 3 2 2 2 3 2 1 4 2 3 2 1 1 2 1 4 3 1 1 1 1 3 2 2 2 2 2 2 2 1 2 1 2 3 2 1 1 3 1 1 1 3 2 1 1 
fo: 16790.29
Best time: 114.650
Total time:500.001 


Instance: HEVTSP_3_50_1_TW_4
Method: SA
Sol: 42 23 1 31 38 7 11 28 20 32 12 44 34 36 16 48 15 46 40 24 9 21 18 29 47 49 50 26 25 22 3 13 4 5 10 37 14 8 6 19 2 41 33 30 43 17 27 35 39 45 2 2 1 1 2 2 1 4 1 2 2 3 1 1 1 2 2 2 2 1 1 1 1 2 3 4 2 2 1 2 1 4 2 1 1 4 1 4 1 2 1 2 1 1 1 1 2 1 4 3 1 
fo: 19523.89
Best time: 258.744
Total time:500.001 


Instance: HEVTSP_3_50_1_TW_5
Method: SA
Sol: 30 1 7 10 32 11 23 12 38 43 42 33 20 28 19 16 44 48 15 34 41 24 46 36 6 40 9 26 49 21 18 50 29 47 31 17 13 22 8 25 37 4 27 35 2 14 3 45 5 39 2 2 2 2 1 4 2 2 1 2 1 2 2 3 4 2 4 2 4 1 1 4 1 2 4 4 4 1 1 1 2 2 1 2 2 1 1 4 2 2 2 2 2 1 2 2 1 3 4 4 2 
fo: 2224063.80
Best time: 314.214
Total time:500.001 


Instance: HEVTSP_3_50_2_TW_0
Method: SA
Sol: 45 46 24 43 23 28 15 8 2 40 5 38 42 9 35 49 3 1 21 44 7 27 10 12 32 4 25 26 17 6 20 16 30 41 34 39 19 50 47 33 14 48 31 36 37 13 18 29 11 22 2 2 1 3 2 2 2 2 2 1 3 2 4 1 1 4 2 1 2 2 2 3 1 2 2 3 2 1 2 2 3 2 3 3 1 3 2 2 2 4 1 2 2 2 1 3 1 1 1 2 1 
fo: 16847.18
Best time: 223.307
Total time:500.000 


Instance: HEVTSP_3_50_2_TW_1
Method: SA
Sol: 13 15 40 5 24 37 36 43 20 33 48 47 14 17 16 41 30 32 34 12 39 6 19 26 50 3 27 25 4 7 29 22 18 11 44 49 9 35 23 8 31 46 1 21 2 28 38 42 10 45 2 1 2 4 2 1 1 4 2 2 4 2 2 2 1 3 2 1 1 2 2 2 3 2 1 3 3 3 2 2 4 1 1 2 1 2 4 1 2 4 2 4 2 1 2 2 1 2 1 4 1 
fo: 1019613.26
Best time: 238.067
Total time:500.001 


Instance: HEVTSP_3_50_2_TW_2
Method: SA
Sol: 42 37 5 40 36 43 31 38 24 33 14 47 48 6 16 41 32 30 39 17 20 19 34 12 4 46 27 10 3 25 50 49 7 21 35 44 29 18 22 1 8 9 23 26 45 28 13 11 15 2 2 2 4 2 2 3 3 3 2 2 2 2 1 1 1 1 2 2 3 1 2 1 2 4 3 1 1 4 2 4 4 2 1 2 1 2 2 1 2 1 2 1 1 2 1 2 1 2 2 2 2 
fo: 2122106.40
Best time: 237.729
Total time:500.000 


Instance: HEVTSP_3_50_2_TW_3
Method: SA
Sol: 14 33 47 24 5 43 42 36 40 23 18 22 29 11 21 9 15 37 38 31 46 17 50 48 13 1 44 7 3 49 39 26 25 4 30 34 41 32 16 6 20 19 12 35 8 27 10 2 45 28 2 3 2 2 2 2 2 1 3 1 2 3 2 1 3 1 2 4 1 2 2 2 3 1 2 1 3 2 4 1 1 1 2 3 2 1 1 2 3 3 2 3 1 2 1 2 3 1 2 1 1 
fo: 17132.06
Best time: 177.071
Total time:500.000 


Instance: HEVTSP_3_50_2_TW_4
Method: SA
Sol: 29 28 40 5 38 37 42 36 33 47 14 46 17 30 41 32 1 12 34 39 19 43 50 25 3 22 11 7 18 35 21 44 9 13 8 15 27 4 16 26 6 20 49 10 23 2 45 24 48 31 2 2 1 1 2 4 2 2 4 3 1 2 1 2 2 1 4 1 3 2 2 1 2 2 2 2 1 1 2 2 3 2 2 2 2 2 4 1 2 2 4 2 2 2 1 1 4 1 1 4 1 
fo: 1042497.00
Best time: 274.218
Total time:500.000 


Instance: HEVTSP_3_50_2_TW_5
Method: SA
Sol: 5 38 40 37 42 36 31 43 48 24 33 47 14 17 6 16 41 4 30 20 32 46 26 12 39 19 50 25 7 3 49 10 27 11 18 1 21 15 9 34 35 28 8 29 13 2 23 44 45 22 2 2 1 2 1 2 1 4 2 4 2 2 1 2 2 2 1 3 1 1 4 2 1 2 4 4 4 1 1 2 1 2 2 1 3 1 1 1 2 1 4 2 2 2 4 2 2 1 1 2 1 
fo: 2499836.65
Best time: 222.502
Total time:500.000 


Instance: HEVTSP_3_50_3_TW_0
Method: SA
Sol: 48 22 26 18 19 8 7 20 1 3 14 12 35 23 15 43 16 6 5 17 37 24 44 45 31 11 33 46 13 32 28 25 30 36 49 34 42 4 40 10 47 2 21 39 29 27 9 38 50 41 2 2 2 1 3 2 2 1 2 2 1 3 2 1 1 2 1 2 2 2 1 1 2 3 2 3 2 2 3 2 1 3 2 2 2 2 3 2 3 4 1 4 4 2 3 2 3 2 3 4 1 
fo: 16705.97
Best time: 182.606
Total time:500.000 


Instance: HEVTSP_3_50_3_TW_1
Method: SA
Sol: 50 20 16 37 2 9 33 47 22 48 26 10 40 42 34 13 4 1 23 14 43 46 7 36 30 6 49 15 28 3 32 25 8 5 38 24 11 31 44 12 17 19 45 29 39 21 35 27 41 18 2 2 2 1 2 4 1 1 3 3 1 2 2 2 3 2 2 1 1 2 1 1 1 1 3 2 2 2 2 2 2 1 1 4 4 2 2 1 2 2 4 2 3 2 2 2 2 2 4 4 1 
fo: 1024017.45
Best time: 312.246
Total time:500.000 


Instance: HEVTSP_3_50_3_TW_2
Method: SA
Sol: 39 29 21 50 27 9 47 2 33 19 22 18 10 48 26 42 40 46 35 34 13 4 14 23 7 43 30 28 36 49 16 25 6 15 32 3 5 17 44 38 31 24 37 12 1 45 41 11 8 20 2 1 4 3 2 2 2 4 2 2 2 1 3 1 2 1 1 4 4 1 1 2 2 4 1 2 2 2 1 2 2 4 1 2 4 1 2 4 2 2 2 1 4 1 1 1 1 2 2 4 2 
fo: 2378653.86
Best time: 165.125
Total time:500.000 


Instance: HEVTSP_3_50_3_TW_3
Method: SA
Sol: 50 35 1 8 24 6 32 36 28 49 43 13 46 26 48 10 40 42 4 22 47 15 23 34 7 3 30 25 14 16 5 20 12 17 37 11 44 38 19 18 2 21 9 29 39 27 33 31 45 41 2 1 2 1 3 2 3 4 1 1 2 2 2 3 2 2 2 1 1 2 2 2 4 1 2 2 3 4 2 1 2 1 3 2 2 2 1 2 2 3 3 1 2 2 1 2 1 1 3 4 1 
fo: 16725.52
Best time: 265.659
Total time:500.000 


Instance: HEVTSP_3_50_3_TW_4
Method: SA
Sol: 35 27 30 2 9 33 47 22 26 48 10 42 23 34 3 4 13 40 1 19 14 43 25 20 49 28 6 32 5 15 8 37 24 44 31 38 12 16 7 46 36 50 21 11 45 41 39 29 18 17 2 4 2 2 1 4 1 1 3 1 1 1 3 4 2 2 2 2 2 4 1 2 1 2 2 4 2 4 2 2 2 3 1 2 2 3 1 2 1 2 1 2 4 1 2 1 1 2 1 4 1 
fo: 1044016.28
Best time: 275.474
Total time:500.000 


Instance: HEVTSP_3_50_3_TW_5
Method: SA
Sol: 29 39 21 27 50 47 2 9 18 22 26 33 19 48 10 40 42 16 4 46 13 23 43 30 3 1 7 35 34 14 25 28 49 15 6 20 24 17 5 12 8 11 44 31 38 36 32 41 45 37 2 4 1 1 2 2 2 3 2 2 4 2 4 2 1 4 3 4 2 3 3 1 4 1 2 2 2 1 2 3 3 4 1 2 2 2 1 4 2 2 1 4 2 2 1 2 2 2 3 2 1 
fo: 2397848.31
Best time: 283.019
Total time:500.001 
