Instance
HEVTSP 2 10 1 TW 0

Customers
10

Service Time (same as Distance for all Modes: combustion, combustion+charging, electric, combustion+electric) (Depot, 1, ..., N, Depot)
0, 10, 2, 1, 3, 5, 3, 7, 1, 6, 3, 0

Initial Charging
0

Max Charging (in Watt/h)
16800

Charging Rate (in Watt/h)
12000

Discharging Rate (in Watt/h)
48000

Coordinates (Used for GUI, not necessarily related to Distances, Time, Costs)
0, 0, 20000, 20000, 21760, 24630, 23700, 21760, 22670, 22110, 21600, 21040, 24750, 24340, 21420, 22680, 21830, 22780, 22610, 20430, 25000, 25000

Distances (Depot-Depot, Depot-1, Depot-..., Depot-N, 1-Depot, 1-1, ..., M-N)
0, 28284, 32865, 32174, 31667, 30154, 34713, 31196, 31551, 30473, 35355, 28284, 0, 4953, 4097, 3403, 1908, 6434, 3033, 3328, 2645, 7071, 32865, 4953, 0, 3464, 2679, 3594, 3004, 1979, 1851, 4285, 3261, 32174, 4097, 3464, 0, 1088, 2220, 2785, 2459, 2130, 1720, 3491, 31667, 3403, 2679, 1088, 0, 1513, 3049, 1374, 1074, 1681, 3712, 30154, 1908, 3594, 2220, 1513, 0, 4562, 1650, 1755, 1180, 5219, 34713, 6434, 3004, 2785, 3049, 4562, 0, 3721, 3311, 4457, 706, 31196, 3033, 1979, 2459, 1374, 1650, 3721, 0, 422, 2545, 4266, 31551, 3328, 1851, 2130, 1074, 1755, 3311, 422, 0, 2476, 3870, 30473, 2645, 4285, 1720, 1681, 1180, 4457, 2545, 2476, 0, 5157, 35355, 7071, 3261, 3491, 3712, 5219, 706, 4266, 3870, 5157, 0

Time (same as Distance for all Modes: combustion, combustion+charging, electric, combustion+electric)
0, 32.02, 37.21, 36.42, 35.85, 34.14, 39.3, 35.32, 35.72, 34.5, 40.02, 32.02, 0, 11.89, 9.83, 8.17, 4.58, 12.87, 7.28, 7.99, 6.35, 14.14, 37.21, 11.89, 0, 8.31, 6.43, 8.63, 7.21, 4.75, 4.44, 10.28, 7.83, 36.42, 9.83, 8.31, 0, 2.61, 5.33, 6.68, 5.9, 5.11, 4.13, 8.38, 35.85, 8.17, 6.43, 2.61, 0, 3.63, 7.32, 3.3, 2.58, 4.03, 8.91, 34.14, 4.58, 8.63, 5.33, 3.63, 0, 10.95, 3.96, 4.21, 2.83, 10.44, 39.3, 12.87, 7.21, 6.68, 7.32, 10.95, 0, 8.93, 7.95, 10.7, 2.35, 35.32, 7.28, 4.75, 5.9, 3.3, 3.96, 8.93, 0, 1.95, 6.11, 10.24, 35.72, 7.99, 4.44, 5.11, 2.58, 4.21, 7.95, 1.95, 0, 5.94, 9.29, 34.5, 6.35, 10.28, 4.13, 4.03, 2.83, 10.7, 6.11, 5.94, 0, 10.31, 40.02, 14.14, 7.83, 8.38, 8.91, 10.44, 2.35, 10.24, 9.29, 10.31, 0, 0, 33.94, 39.44, 38.61, 38, 36.18, 41.66, 37.44, 37.86, 36.57, 42.43, 33.94, 0, 12.92, 10.69, 8.88, 4.98, 14.3, 7.91, 8.68, 6.9, 15.71, 39.44, 12.92, 0, 9.04, 6.99, 9.38, 7.84, 5.16, 4.83, 11.18, 8.51, 38.61, 10.69, 9.04, 0, 2.84, 5.79, 7.27, 6.41, 5.56, 4.49, 9.11, 38, 8.88, 6.99, 2.84, 0, 3.95, 7.95, 3.58, 2.8, 4.39, 9.68, 36.18, 4.98, 9.38, 5.79, 3.95, 0, 11.9, 4.3, 4.58, 3.08, 11.6, 41.66, 14.3, 7.84, 7.27, 7.95, 11.9, 0, 9.71, 8.64, 11.63, 2.49, 37.44, 7.91, 5.16, 6.41, 3.58, 4.3, 9.71, 0, 2.11, 6.64, 11.13, 37.86, 8.68, 4.83, 5.56, 2.8, 4.58, 8.64, 2.11, 0, 6.46, 10.1, 36.57, 6.9, 11.18, 4.49, 4.39, 3.08, 11.63, 6.64, 6.46, 0, 11.46, 42.43, 15.71, 8.51, 9.11, 9.68, 11.6, 2.49, 11.13, 10.1, 11.46, 0, 0, 36.11, 41.96, 41.07, 40.43, 38.49, 44.31, 39.82, 40.28, 38.9, 45.13, 36.11, 0, 14.15, 11.71, 9.72, 5.45, 16.09, 8.67, 9.51, 7.56, 17.68, 41.96, 14.15, 0, 9.9, 7.65, 10.27, 8.58, 5.65, 5.29, 12.24, 9.32, 41.07, 11.71, 9.9, 0, 3.11, 6.34, 7.96, 7.03, 6.09, 4.91, 9.97, 40.43, 9.72, 7.65, 3.11, 0, 4.32, 8.71, 3.93, 3.07, 4.8, 10.61, 38.49, 5.45, 10.27, 6.34, 4.32, 0, 13.03, 4.71, 5.01, 3.37, 13.05, 44.31, 16.09, 8.58, 7.96, 8.71, 13.03, 0, 10.63, 9.46, 12.73, 2.65, 39.82, 8.67, 5.65, 7.03, 3.93, 4.71, 10.63, 0, 2.3, 7.27, 12.19, 40.28, 9.51, 5.29, 6.09, 3.07, 5.01, 9.46, 2.3, 0, 7.07, 11.06, 38.9, 7.56, 12.24, 4.91, 4.8, 3.37, 12.73, 7.27, 7.07, 0, 12.89, 45.13, 17.68, 9.32, 9.97, 10.61, 13.05, 2.65, 12.19, 11.06, 12.89, 0, 0, 30.3, 35.21, 34.47, 33.93, 32.31, 37.19, 33.42, 33.8, 32.65, 37.88, 30.3, 0, 11.01, 9.1, 7.56, 4.24, 11.7, 6.74, 7.4, 5.88, 12.86, 35.21, 11.01, 0, 7.7, 5.95, 7.99, 6.68, 4.4, 4.11, 9.52, 7.25, 34.47, 9.1, 7.7, 0, 2.42, 4.93, 6.19, 5.46, 4.73, 3.82, 7.76, 33.93, 7.56, 5.95, 2.42, 0, 3.36, 6.78, 3.05, 2.39, 3.74, 8.25, 32.31, 4.24, 7.99, 4.93, 3.36, 0, 10.14, 3.67, 3.9, 2.62, 9.49, 37.19, 11.7, 6.68, 6.19, 6.78, 10.14, 0, 8.27, 7.36, 9.9, 2.23, 33.42, 6.74, 4.4, 5.46, 3.05, 3.67, 8.27, 0, 1.81, 5.66, 9.48, 33.8, 7.4, 4.11, 4.73, 2.39, 3.9, 7.36, 1.81, 0, 5.5, 8.6, 32.65, 5.88, 9.52, 3.82, 3.74, 2.62, 9.9, 5.66, 5.5, 0, 9.38, 37.88, 12.86, 7.25, 7.76, 8.25, 9.49, 2.23, 9.48, 8.6, 9.38, 0

Costs (same as Distance for all Modes: combustion, combustion+charging, electric, combustion+electric)
0, 2828.43, 3286.54, 3217.43, 3166.67, 3015.36, 3471.31, 3119.61, 3155.12, 3047.29, 3535.53, 2828.43, 0, 495.32, 409.73, 340.31, 190.83, 643.41, 303.3, 332.83, 264.52, 707.11, 3286.54, 495.32, 0, 346.42, 267.93, 359.36, 300.4, 197.94, 185.13, 428.51, 326.11, 3217.43, 409.73, 346.42, 0, 108.78, 222, 278.55, 245.86, 213.01, 171.96, 349.11, 3166.67, 340.31, 267.93, 108.78, 0, 151.32, 304.95, 137.38, 107.45, 168.11, 371.23, 3015.36, 190.83, 359.36, 222, 151.32, 0, 456.21, 164.98, 175.51, 117.99, 521.93, 3471.31, 643.41, 300.4, 278.55, 304.95, 456.21, 0, 372.08, 331.06, 445.73, 70.58, 3119.61, 303.3, 197.94, 245.86, 137.38, 164.98, 372.08, 0, 42.2, 254.53, 426.6, 3155.12, 332.83, 185.13, 213.01, 107.45, 175.51, 331.06, 42.2, 0, 247.61, 387.01, 3047.29, 264.52, 428.51, 171.96, 168.11, 117.99, 445.73, 254.53, 247.61, 0, 515.72, 3535.53, 707.11, 326.11, 349.11, 371.23, 521.93, 70.58, 426.6, 387.01, 515.72, 0, 0, 3111.24, 3615.15, 3539.14, 3483.37, 3316.94, 3818.43, 3431.56, 3470.61, 3352.03, 3889.05, 3111.24, 0, 544.83, 450.67, 374.33, 209.88, 707.74, 333.63, 366.08, 290.95, 777.81, 3615.15, 544.83, 0, 381.04, 294.69, 395.34, 330.44, 217.69, 203.61, 471.35, 358.71, 3539.14, 450.67, 381.04, 0, 119.68, 244.2, 306.35, 270.49, 234.3, 189.2, 384.01, 3483.37, 374.33, 294.69, 119.68, 0, 166.43, 335.39, 151.14, 118.14, 184.91, 408.32, 3316.94, 209.88, 395.34, 244.2, 166.43, 0, 501.82, 181.5, 193.05, 129.8, 574.09, 3818.43, 707.74, 330.44, 306.35, 335.39, 501.82, 0, 409.31, 364.21, 490.27, 77.66, 3431.56, 333.63, 217.69, 270.49, 151.14, 181.5, 409.31, 0, 46.42, 279.95, 469.26, 3470.61, 366.08, 203.61, 234.3, 118.14, 193.05, 364.21, 46.42, 0, 272.36, 425.7, 3352.03, 290.95, 471.35, 189.2, 184.91, 129.8, 490.27, 279.95, 272.36, 0, 567.27, 3889.05, 777.81, 358.71, 384.01, 408.32, 574.09, 77.66, 469.26, 425.7, 567.27, 0, 0, 565.68, 657.3, 643.48, 633.34, 603.08, 694.26, 623.92, 631.02, 609.46, 707.1, 565.68, 0, 99.06, 81.94, 68.06, 38.16, 128.68, 60.66, 66.56, 52.9, 141.42, 657.3, 99.06, 0, 69.28, 53.58, 71.88, 60.08, 39.58, 37.02, 85.7, 65.22, 643.48, 81.94, 69.28, 0, 21.76, 44.4, 55.7, 49.18, 42.6, 34.4, 69.82, 633.34, 68.06, 53.58, 21.76, 0, 30.26, 60.98, 27.48, 21.48, 33.62, 74.24, 603.08, 38.16, 71.88, 44.4, 30.26, 0, 91.24, 33, 35.1, 23.6, 104.38, 694.26, 128.68, 60.08, 55.7, 60.98, 91.24, 0, 74.42, 66.22, 89.14, 14.12, 623.92, 60.66, 39.58, 49.18, 27.48, 33, 74.42, 0, 8.44, 50.9, 85.32, 631.02, 66.56, 37.02, 42.6, 21.48, 35.1, 66.22, 8.44, 0, 49.52, 77.4, 609.46, 52.9, 85.7, 34.4, 33.62, 23.6, 89.14, 50.9, 49.52, 0, 103.14, 707.1, 141.42, 65.22, 69.82, 74.24, 104.38, 14.12, 85.32, 77.4, 103.14, 0, 0, 3394.08, 3943.8, 3860.88, 3800.04, 3618.48, 4165.56, 3743.52, 3786.12, 3656.76, 4242.6, 3394.08, 0, 594.36, 491.64, 408.36, 228.96, 772.08, 363.96, 399.36, 317.4, 848.52, 3943.8, 594.36, 0, 415.68, 321.48, 431.28, 360.48, 237.48, 222.12, 514.2, 391.32, 3860.88, 491.64, 415.68, 0, 130.56, 266.4, 334.2, 295.08, 255.6, 206.4, 418.92, 3800.04, 408.36, 321.48, 130.56, 0, 181.56, 365.88, 164.88, 128.88, 201.72, 445.44, 3618.48, 228.96, 431.28, 266.4, 181.56, 0, 547.44, 198, 210.6, 141.6, 626.28, 4165.56, 772.08, 360.48, 334.2, 365.88, 547.44, 0, 446.52, 397.32, 534.84, 84.72, 3743.52, 363.96, 237.48, 295.08, 164.88, 198, 446.52, 0, 50.64, 305.4, 511.92, 3786.12, 399.36, 222.12, 255.6, 128.88, 210.6, 397.32, 50.64, 0, 297.12, 464.4, 3656.76, 317.4, 514.2, 206.4, 201.72, 141.6, 534.84, 305.4, 297.12, 0, 618.84, 4242.6, 848.52, 391.32, 418.92, 445.44, 626.28, 84.72, 511.92, 464.4, 618.84, 0

Time Windows (Depot, 1, ..., N)
0, 480, 0, 480, 0, 480, 0, 480, 0, 480, 0, 480, 0, 480, 0, 480, 0, 480, 0, 480, 0, 480