Instance
HEVTSP 1 10 2 TW 2

Customers
10

Service Time (same as Distance for all Modes: combustion, combustion+charging, electric, combustion+electric) (Depot, 1, ..., N, Depot)
0, 1, 3, 4, 4, 7, 7, 2, 6, 1, 5, 0

Initial Charging
0

Max Charging (in Watt/h)
16800

Charging Rate (in Watt/h)
12000

Discharging Rate (in Watt/h)
48000

Coordinates (Used for GUI, not necessarily related to Distances, Time, Costs)
0, 0, 4200, 1320, 3680, 510, 2110, 2820, 1320, 4990, 2390, 4220, 1760, 3280, 3840, 1090, 4500, 3250, 230, 20, 3200, 2890

Distances (Depot-Depot, Depot-1, Depot-..., Depot-N, 1-Depot, 1-1, ..., M-N)
0, 4403, 3715, 3522, 5162, 4850, 3722, 3992, 5551, 231, 4312, 4403, 0, 963, 2573, 4665, 3418, 3130, 427, 1953, 4177, 1861, 3715, 963, 0, 2793, 5064, 3928, 3370, 602, 2860, 3485, 2428, 3522, 2573, 2793, 0, 2309, 1428, 578, 2447, 2428, 3373, 1092, 5162, 4665, 5064, 2309, 0, 1318, 1766, 4643, 3625, 5088, 2819, 4850, 3418, 3928, 1428, 1318, 0, 1132, 3450, 2322, 4723, 1557, 3722, 3130, 3370, 578, 1766, 1132, 0, 3020, 2740, 3601, 1492, 3992, 427, 602, 2447, 4643, 3450, 3020, 0, 2259, 3765, 1910, 5551, 1953, 2860, 2428, 3625, 2322, 2740, 2259, 0, 5354, 1349, 231, 4177, 3485, 3373, 5088, 4723, 3601, 3765, 5354, 0, 4130, 4312, 1861, 2428, 1092, 2819, 1557, 1492, 1910, 1349, 4130, 0

Time (same as Distance for all Modes: combustion, combustion+charging, electric, combustion+electric)
0, 11.01, 9.29, 8.81, 10.68, 12.13, 9.31, 9.98, 11.48, 1.16, 10.78, 11.01, 0, 3.4, 6.43, 11.66, 8.55, 7.83, 2.14, 4.88, 10.44, 4.65, 9.29, 3.4, 0, 6.98, 10.48, 9.82, 8.43, 2.12, 7.15, 8.71, 6.07, 8.81, 6.43, 6.98, 0, 5.77, 3.57, 2.04, 6.12, 6.07, 8.43, 2.73, 10.68, 11.66, 10.48, 5.77, 0, 3.3, 4.42, 11.61, 9.06, 10.53, 7.05, 12.13, 8.55, 9.82, 3.57, 3.3, 0, 2.83, 8.63, 5.81, 11.81, 3.89, 9.31, 7.83, 8.43, 2.04, 4.42, 2.83, 0, 7.55, 6.85, 9, 3.73, 9.98, 2.14, 2.12, 6.12, 11.61, 8.63, 7.55, 0, 5.65, 9.41, 4.78, 11.48, 4.88, 7.15, 6.07, 9.06, 5.81, 6.85, 5.65, 0, 11.08, 3.37, 1.16, 10.44, 8.71, 8.43, 10.53, 11.81, 9, 9.41, 11.08, 0, 10.33, 10.78, 4.65, 6.07, 2.73, 7.05, 3.89, 3.73, 4.78, 3.37, 10.33, 0, 0, 12.01, 10.13, 9.61, 11.91, 13.23, 10.15, 10.89, 12.81, 1.26, 11.76, 12.01, 0, 3.61, 7.02, 12.72, 9.32, 8.54, 2.33, 5.33, 11.39, 5.08, 10.13, 3.61, 0, 7.62, 11.69, 10.71, 9.19, 2.26, 7.8, 9.5, 6.62, 9.61, 7.02, 7.62, 0, 6.3, 3.89, 2.17, 6.67, 6.62, 9.2, 2.98, 11.91, 12.72, 11.69, 6.3, 0, 3.59, 4.82, 12.66, 9.89, 11.74, 7.69, 13.23, 9.32, 10.71, 3.89, 3.59, 0, 3.09, 9.41, 6.33, 12.88, 4.25, 10.15, 8.54, 9.19, 2.17, 4.82, 3.09, 0, 8.24, 7.47, 9.82, 4.07, 10.89, 2.33, 2.26, 6.67, 12.66, 9.41, 8.24, 0, 6.16, 10.27, 5.21, 12.81, 5.33, 7.8, 6.62, 9.89, 6.33, 7.47, 6.16, 0, 12.36, 3.68, 1.26, 11.39, 9.5, 9.2, 11.74, 12.88, 9.82, 10.27, 12.36, 0, 11.26, 11.76, 5.08, 6.62, 2.98, 7.69, 4.25, 4.07, 5.21, 3.68, 11.26, 0, 0, 13.21, 11.15, 10.57, 13.47, 14.55, 11.17, 11.98, 14.48, 1.39, 12.94, 13.21, 0, 3.85, 7.72, 14, 10.25, 9.39, 2.56, 5.86, 12.53, 5.58, 11.15, 3.85, 0, 8.38, 13.21, 11.78, 10.11, 2.41, 8.58, 10.46, 7.28, 10.57, 7.72, 8.38, 0, 6.93, 4.28, 2.31, 7.34, 7.28, 10.12, 3.28, 13.47, 14, 13.21, 6.93, 0, 3.95, 5.3, 13.93, 10.88, 13.27, 8.46, 14.55, 10.25, 11.78, 4.28, 3.95, 0, 3.4, 10.35, 6.97, 14.17, 4.67, 11.17, 9.39, 10.11, 2.31, 5.3, 3.4, 0, 9.06, 8.22, 10.8, 4.48, 11.98, 2.56, 2.41, 7.34, 13.93, 10.35, 9.06, 0, 6.78, 11.3, 5.73, 14.48, 5.86, 8.58, 7.28, 10.88, 6.97, 8.22, 6.78, 0, 13.97, 4.05, 1.39, 12.53, 10.46, 10.12, 13.27, 14.17, 10.8, 11.3, 13.97, 0, 12.39, 12.94, 5.58, 7.28, 3.28, 8.46, 4.67, 4.48, 5.73, 4.05, 12.39, 0, 0, 10.16, 8.57, 8.13, 9.11, 11.19, 8.59, 9.21, 9.8, 1.07, 9.95, 10.16, 0, 3.21, 5.94, 10.77, 7.89, 7.22, 1.97, 4.51, 9.64, 4.29, 8.57, 3.21, 0, 6.45, 8.94, 9.06, 7.78, 2.01, 6.6, 8.04, 5.6, 8.13, 5.94, 6.45, 0, 5.33, 3.3, 1.93, 5.65, 5.6, 7.78, 2.52, 9.11, 10.77, 8.94, 5.33, 0, 3.04, 4.08, 10.71, 8.37, 8.98, 6.51, 11.19, 7.89, 9.06, 3.3, 3.04, 0, 2.61, 7.96, 5.36, 10.9, 3.59, 8.59, 7.22, 7.78, 1.93, 4.08, 2.61, 0, 6.97, 6.32, 8.31, 3.44, 9.21, 1.97, 2.01, 5.65, 10.71, 7.96, 6.97, 0, 5.21, 8.69, 4.41, 9.8, 4.51, 6.6, 5.6, 8.37, 5.36, 6.32, 5.21, 0, 9.45, 3.11, 1.07, 9.64, 8.04, 7.78, 8.98, 10.9, 8.31, 8.69, 9.45, 0, 9.53, 9.95, 4.29, 5.6, 2.52, 6.51, 3.59, 3.44, 4.41, 3.11, 9.53, 0

Costs (same as Distance for all Modes: combustion, combustion+charging, electric, combustion+electric)
0, 440.25, 371.52, 352.2, 516.16, 484.98, 372.24, 399.17, 555.09, 23.09, 431.19, 440.25, 0, 96.25, 257.26, 466.51, 341.85, 312.97, 42.72, 195.32, 417.74, 186.14, 371.52, 96.25, 0, 279.3, 506.36, 392.79, 337.04, 60.17, 286.01, 348.46, 242.79, 352.2, 257.26, 279.3, 0, 230.93, 142.77, 57.8, 244.66, 242.84, 337.26, 109.22, 516.16, 466.51, 506.36, 230.93, 0, 131.83, 176.57, 464.33, 362.49, 508.81, 281.86, 484.98, 341.85, 392.79, 142.77, 131.83, 0, 113.16, 344.96, 232.23, 472.29, 155.72, 372.24, 312.97, 337.04, 57.8, 176.57, 113.16, 0, 302.03, 274.02, 360.12, 149.19, 399.17, 42.72, 60.17, 244.66, 464.33, 344.96, 302.03, 0, 225.86, 376.52, 191.04, 555.09, 195.32, 286.01, 242.84, 362.49, 232.23, 274.02, 225.86, 0, 535.4, 134.89, 23.09, 417.74, 348.46, 337.26, 508.81, 472.29, 360.12, 376.52, 535.4, 0, 413.01, 431.19, 186.14, 242.79, 109.22, 281.86, 155.72, 149.19, 191.04, 134.89, 413.01, 0, 0, 484.33, 408.65, 387.42, 567.82, 533.5, 409.42, 439.12, 610.61, 25.41, 474.32, 484.33, 0, 105.93, 283.03, 513.15, 375.98, 344.3, 46.97, 214.83, 459.47, 204.71, 408.65, 105.93, 0, 307.23, 557.04, 432.08, 370.7, 66.22, 314.6, 383.35, 267.08, 387.42, 283.03, 307.23, 0, 253.99, 157.08, 63.58, 269.17, 267.08, 371.03, 120.12, 567.82, 513.15, 557.04, 253.99, 0, 144.98, 194.26, 510.73, 398.75, 559.68, 310.09, 533.5, 375.98, 432.08, 157.08, 144.98, 0, 124.52, 379.5, 255.42, 519.53, 171.27, 409.42, 344.3, 370.7, 63.58, 194.26, 124.52, 0, 332.2, 301.4, 396.11, 164.12, 439.12, 46.97, 66.22, 269.17, 510.73, 379.5, 332.2, 0, 248.49, 414.15, 210.1, 610.61, 214.83, 314.6, 267.08, 398.75, 255.42, 301.4, 248.49, 0, 588.94, 148.39, 25.41, 459.47, 383.35, 371.03, 559.68, 519.53, 396.11, 414.15, 588.94, 0, 454.3, 474.32, 204.71, 267.08, 120.12, 310.09, 171.27, 164.12, 210.1, 148.39, 454.3, 0, 0, 88.06, 74.3, 70.44, 103.24, 97, 74.44, 79.84, 111.02, 4.62, 86.24, 88.06, 0, 19.26, 51.46, 93.3, 68.36, 62.6, 8.54, 39.06, 83.54, 37.22, 74.3, 19.26, 0, 55.86, 101.28, 78.56, 67.4, 12.04, 57.2, 69.7, 48.56, 70.44, 51.46, 55.86, 0, 46.18, 28.56, 11.56, 48.94, 48.56, 67.46, 21.84, 103.24, 93.3, 101.28, 46.18, 0, 26.36, 35.32, 92.86, 72.5, 101.76, 56.38, 97, 68.36, 78.56, 28.56, 26.36, 0, 22.64, 69, 46.44, 94.46, 31.14, 74.44, 62.6, 67.4, 11.56, 35.32, 22.64, 0, 60.4, 54.8, 72.02, 29.84, 79.84, 8.54, 12.04, 48.94, 92.86, 69, 60.4, 0, 45.18, 75.3, 38.2, 111.02, 39.06, 57.2, 48.56, 72.5, 46.44, 54.8, 45.18, 0, 107.08, 26.98, 4.62, 83.54, 69.7, 67.46, 101.76, 94.46, 72.02, 75.3, 107.08, 0, 82.6, 86.24, 37.22, 48.56, 21.84, 56.38, 31.14, 29.84, 38.2, 26.98, 82.6, 0, 0, 528.36, 445.8, 422.64, 619.44, 582, 446.64, 479.04, 666.12, 27.72, 517.44, 528.36, 0, 115.56, 308.76, 559.8, 410.16, 375.6, 51.24, 234.36, 501.24, 223.32, 445.8, 115.56, 0, 335.16, 607.68, 471.36, 404.4, 72.24, 343.2, 418.2, 291.36, 422.64, 308.76, 335.16, 0, 277.08, 171.36, 69.36, 293.64, 291.36, 404.76, 131.04, 619.44, 559.8, 607.68, 277.08, 0, 158.16, 211.92, 557.16, 435, 610.56, 338.28, 582, 410.16, 471.36, 171.36, 158.16, 0, 135.84, 414, 278.64, 566.76, 186.84, 446.64, 375.6, 404.4, 69.36, 211.92, 135.84, 0, 362.4, 328.8, 432.12, 179.04, 479.04, 51.24, 72.24, 293.64, 557.16, 414, 362.4, 0, 271.08, 451.8, 229.2, 666.12, 234.36, 343.2, 291.36, 435, 278.64, 328.8, 271.08, 0, 642.48, 161.88, 27.72, 501.24, 418.2, 404.76, 610.56, 566.76, 432.12, 451.8, 642.48, 0, 495.6, 517.44, 223.32, 291.36, 131.04, 338.28, 186.84, 179.04, 229.2, 161.88, 495.6, 0

Time Windows (Depot, 1, ..., N)
0, 480, 114, 144, 0, 480, 0, 30, 53, 83, 81, 111, 25, 55, 153, 183, 79, 109, 0, 480, 72, 102