Instance
HEVTSP 3 10 3 TW 2

Customers
10

Service Time (same as Distance for all Modes: combustion, combustion+charging, electric, combustion+electric) (Depot, 1, ..., N, Depot)
0, 3, 2, 1, 3, 1, 1, 2, 5, 4, 6, 0

Initial Charging
0

Max Charging (in Watt/h)
16800

Charging Rate (in Watt/h)
12000

Discharging Rate (in Watt/h)
48000

Coordinates (Used for GUI, not necessarily related to Distances, Time, Costs)
0, 0, 42820, 43040, 41400, 41600, 44220, 43770, 43680, 42540, 41480, 44910, 42480, 44580, 43230, 44080, 41590, 43600, 41690, 41500, 44380, 40590

Distances (Depot-Depot, Depot-1, Depot-..., Depot-N, 1-Depot, 1-1, ..., M-N)
0, 60712, 58690, 62219, 60972, 61135, 61579, 61740, 60255, 58824, 60143, 60712, 0, 2022, 1579, 995, 2301, 1577, 1118, 1351, 1910, 2904, 58690, 2022, 0, 3558, 2466, 3311, 3170, 3082, 2009, 307, 3147, 62219, 1579, 3558, 0, 1343, 2968, 1919, 1037, 2635, 3399, 3184, 60972, 995, 2466, 1343, 0, 3234, 2367, 1604, 2343, 2245, 2072, 61135, 2301, 3311, 2968, 3234, 0, 1053, 1937, 1315, 3416, 5203, 61579, 1577, 3170, 1919, 2367, 1053, 0, 901, 1324, 3180, 4419, 61740, 1118, 3082, 1037, 1604, 1937, 901, 0, 1709, 3005, 3675, 60255, 1351, 2009, 2635, 2343, 1315, 1324, 1709, 0, 2102, 4104, 58824, 1910, 307, 3399, 2245, 3416, 3180, 3005, 2102, 0, 2840, 60143, 2904, 3147, 3184, 2072, 5203, 4419, 3675, 4104, 2840, 0

Time (same as Distance for all Modes: combustion, combustion+charging, electric, combustion+electric)
0, 67.46, 65.21, 69.13, 67.75, 67.93, 68.42, 68.6, 66.95, 65.36, 66.83, 67.46, 0, 4.49, 3.51, 3.14, 5.11, 3.5, 2.48, 3, 4.24, 6.45, 65.21, 4.49, 0, 7.91, 5.48, 7.36, 7.04, 6.85, 4.46, 1.32, 6.99, 69.13, 3.51, 7.91, 0, 2.98, 6.6, 4.26, 2.3, 5.86, 7.55, 7.08, 67.75, 3.14, 5.48, 2.98, 0, 7.19, 5.26, 3.56, 5.21, 4.99, 4.6, 67.93, 5.11, 7.36, 6.6, 7.19, 0, 2.34, 4.3, 2.92, 7.59, 6.37, 68.42, 3.5, 7.04, 4.26, 5.26, 2.34, 0, 2.85, 2.94, 7.07, 9.82, 68.6, 2.48, 6.85, 2.3, 3.56, 4.3, 2.85, 0, 3.8, 6.68, 8.17, 66.95, 3, 4.46, 5.86, 5.21, 2.92, 2.94, 3.8, 0, 4.67, 9.12, 65.36, 4.24, 1.32, 7.55, 4.99, 7.59, 7.07, 6.68, 4.67, 0, 6.31, 66.83, 6.45, 6.99, 7.08, 4.6, 6.37, 9.82, 8.17, 9.12, 6.31, 0, 0, 71.43, 69.05, 73.2, 71.73, 71.92, 72.45, 72.64, 70.89, 69.2, 70.76, 71.43, 0, 4.85, 3.79, 3.32, 5.52, 3.78, 2.68, 3.24, 4.58, 6.97, 69.05, 4.85, 0, 8.54, 5.92, 7.95, 7.61, 7.4, 4.82, 1.42, 7.55, 73.2, 3.79, 8.54, 0, 3.22, 7.12, 4.61, 2.49, 6.32, 8.16, 7.64, 71.73, 3.32, 5.92, 3.22, 0, 7.76, 5.68, 3.85, 5.62, 5.39, 4.97, 71.92, 5.52, 7.95, 7.12, 7.76, 0, 2.53, 4.65, 3.16, 8.2, 6.79, 72.45, 3.78, 7.61, 4.61, 5.68, 2.53, 0, 3, 3.18, 7.63, 10.61, 72.64, 2.68, 7.4, 2.49, 3.85, 4.65, 3, 0, 4.1, 7.21, 8.82, 70.89, 3.24, 4.82, 6.32, 5.62, 3.16, 3.18, 4.1, 0, 5.04, 9.85, 69.2, 4.58, 1.42, 8.16, 5.39, 8.2, 7.63, 7.21, 5.04, 0, 6.82, 70.76, 6.97, 7.55, 7.64, 4.97, 6.79, 10.61, 8.82, 9.85, 6.82, 0, 0, 75.89, 73.36, 77.77, 76.22, 76.42, 76.97, 77.18, 75.32, 73.53, 75.18, 75.89, 0, 5.27, 4.12, 3.51, 6, 4.11, 2.92, 3.52, 4.98, 7.58, 73.36, 5.27, 0, 9.28, 6.43, 8.64, 8.27, 8.04, 5.24, 1.54, 8.21, 77.77, 4.12, 9.28, 0, 3.5, 7.74, 5.01, 2.71, 6.87, 8.87, 8.31, 76.22, 3.51, 6.43, 3.5, 0, 8.44, 6.17, 4.18, 6.11, 5.86, 5.41, 76.42, 6, 8.64, 7.74, 8.44, 0, 2.75, 5.05, 3.43, 8.91, 7.26, 76.97, 4.11, 8.27, 5.01, 6.17, 2.75, 0, 3.18, 3.45, 8.3, 11.53, 77.18, 2.92, 8.04, 2.71, 4.18, 5.05, 3.18, 0, 4.46, 7.84, 9.59, 75.32, 3.52, 5.24, 6.87, 6.11, 3.43, 3.45, 4.46, 0, 5.48, 10.71, 73.53, 4.98, 1.54, 8.87, 5.86, 8.91, 8.3, 7.84, 5.48, 0, 7.41, 75.18, 7.58, 8.21, 8.31, 5.41, 7.26, 11.53, 9.59, 10.71, 7.41, 0, 0, 63.91, 61.78, 65.49, 64.18, 64.35, 64.82, 64.99, 63.43, 61.92, 63.31, 63.91, 0, 4.18, 3.27, 2.99, 4.76, 3.26, 2.31, 2.8, 3.95, 6.01, 61.78, 4.18, 0, 7.36, 5.1, 6.85, 6.56, 6.38, 4.16, 1.23, 6.51, 65.49, 3.27, 7.36, 0, 2.78, 6.14, 3.97, 2.15, 5.45, 7.03, 6.59, 64.18, 2.99, 5.1, 2.78, 0, 6.69, 4.9, 3.32, 4.85, 4.64, 4.29, 64.35, 4.76, 6.85, 6.14, 6.69, 0, 2.18, 4.01, 2.72, 7.07, 6, 64.82, 3.26, 6.56, 3.97, 4.9, 2.18, 0, 2.7, 2.74, 6.58, 9.14, 64.99, 2.31, 6.38, 2.15, 3.32, 4.01, 2.7, 0, 3.54, 6.22, 7.6, 63.43, 2.8, 4.16, 5.45, 4.85, 2.72, 2.74, 3.54, 0, 4.35, 8.49, 61.92, 3.95, 1.23, 7.03, 4.64, 7.07, 6.58, 6.22, 4.35, 0, 5.88, 63.31, 6.01, 6.51, 6.59, 4.29, 6, 9.14, 7.6, 8.49, 5.88, 0

Costs (same as Distance for all Modes: combustion, combustion+charging, electric, combustion+electric)
0, 6071.24, 5869, 6221.91, 6097.21, 6113.51, 6157.86, 6174.04, 6025.52, 5882.44, 6014.26, 6071.24, 0, 202.24, 157.89, 99.48, 230.05, 157.71, 111.79, 135.15, 191.01, 290.45, 5869, 202.24, 0, 355.83, 246.62, 331.1, 316.97, 308.21, 200.9, 30.68, 314.65, 6221.91, 157.89, 355.83, 0, 134.33, 296.77, 191.93, 103.74, 263.55, 339.91, 318.4, 6097.21, 99.48, 246.62, 134.33, 0, 323.37, 236.68, 160.44, 234.34, 224.54, 207.18, 6113.51, 230.05, 331.1, 296.77, 323.37, 0, 105.3, 193.69, 131.46, 341.65, 520.31, 6157.86, 157.71, 316.97, 191.93, 236.68, 105.3, 0, 90.14, 132.38, 317.97, 441.93, 6174.04, 111.79, 308.21, 103.74, 160.44, 193.69, 90.14, 0, 170.88, 300.47, 367.46, 6025.52, 135.15, 200.9, 263.55, 234.34, 131.46, 132.38, 170.88, 0, 210.24, 410.42, 5882.44, 191.01, 30.68, 339.91, 224.54, 341.65, 317.97, 300.47, 210.24, 0, 283.98, 6014.26, 290.45, 314.65, 318.4, 207.18, 520.31, 441.93, 367.46, 410.42, 283.98, 0, 0, 6678.32, 6455.9, 6844.09, 6706.92, 6724.85, 6773.69, 6791.4, 6628.05, 6470.64, 6615.73, 6678.32, 0, 222.42, 173.69, 109.45, 253.11, 173.47, 122.98, 148.61, 210.1, 319.44, 6455.9, 222.42, 0, 391.38, 271.26, 364.21, 348.7, 339.02, 220.99, 33.77, 346.17, 6844.09, 173.69, 391.38, 0, 147.73, 326.48, 211.09, 114.07, 289.85, 373.89, 350.24, 6706.92, 109.45, 271.26, 147.73, 0, 355.74, 260.37, 176.44, 257.73, 246.95, 227.92, 6724.85, 253.11, 364.21, 326.48, 355.74, 0, 115.83, 213.07, 144.65, 375.76, 572.33, 6773.69, 173.47, 348.7, 211.09, 260.37, 115.83, 0, 99.11, 145.64, 349.8, 486.09, 6791.4, 122.98, 339.02, 114.07, 176.44, 213.07, 99.11, 0, 187.99, 330.55, 404.25, 6628.05, 148.61, 220.99, 289.85, 257.73, 144.65, 145.64, 187.99, 0, 231.22, 451.44, 6470.64, 210.1, 33.77, 373.89, 246.95, 375.76, 349.8, 330.55, 231.22, 0, 312.4, 6615.73, 319.44, 346.17, 350.24, 227.92, 572.33, 486.09, 404.25, 451.44, 312.4, 0, 0, 1214.24, 1173.8, 1244.38, 1219.44, 1222.7, 1231.58, 1234.8, 1205.1, 1176.48, 1202.86, 1214.24, 0, 40.44, 31.58, 19.9, 46.02, 31.54, 22.36, 27.02, 38.2, 58.08, 1173.8, 40.44, 0, 71.16, 49.32, 66.22, 63.4, 61.64, 40.18, 6.14, 62.94, 1244.38, 31.58, 71.16, 0, 26.86, 59.36, 38.38, 20.74, 52.7, 67.98, 63.68, 1219.44, 19.9, 49.32, 26.86, 0, 64.68, 47.34, 32.08, 46.86, 44.9, 41.44, 1222.7, 46.02, 66.22, 59.36, 64.68, 0, 21.06, 38.74, 26.3, 68.32, 104.06, 1231.58, 31.54, 63.4, 38.38, 47.34, 21.06, 0, 18.02, 26.48, 63.6, 88.38, 1234.8, 22.36, 61.64, 20.74, 32.08, 38.74, 18.02, 0, 34.18, 60.1, 73.5, 1205.1, 27.02, 40.18, 52.7, 46.86, 26.3, 26.48, 34.18, 0, 42.04, 82.08, 1176.48, 38.2, 6.14, 67.98, 44.9, 68.32, 63.6, 60.1, 42.04, 0, 56.8, 1202.86, 58.08, 62.94, 63.68, 41.44, 104.06, 88.38, 73.5, 82.08, 56.8, 0, 0, 7285.44, 7042.8, 7466.28, 7316.64, 7336.2, 7389.48, 7408.8, 7230.6, 7058.88, 7217.16, 7285.44, 0, 242.64, 189.48, 119.4, 276.12, 189.24, 134.16, 162.12, 229.2, 348.48, 7042.8, 242.64, 0, 426.96, 295.92, 397.32, 380.4, 369.84, 241.08, 36.84, 377.64, 7466.28, 189.48, 426.96, 0, 161.16, 356.16, 230.28, 124.44, 316.2, 407.88, 382.08, 7316.64, 119.4, 295.92, 161.16, 0, 388.08, 284.04, 192.48, 281.16, 269.4, 248.64, 7336.2, 276.12, 397.32, 356.16, 388.08, 0, 126.36, 232.44, 157.8, 409.92, 624.36, 7389.48, 189.24, 380.4, 230.28, 284.04, 126.36, 0, 108.12, 158.88, 381.6, 530.28, 7408.8, 134.16, 369.84, 124.44, 192.48, 232.44, 108.12, 0, 205.08, 360.6, 441, 7230.6, 162.12, 241.08, 316.2, 281.16, 157.8, 158.88, 205.08, 0, 252.24, 492.48, 7058.88, 229.2, 36.84, 407.88, 269.4, 409.92, 381.6, 360.6, 252.24, 0, 340.8, 7217.16, 348.48, 377.64, 382.08, 248.64, 624.36, 530.28, 441, 492.48, 340.8, 0

Time Windows (Depot, 1, ..., N)
0, 480, 139, 169, 66, 96, 159, 189, 0, 480, 146, 176, 151, 181, 175, 205, 126, 156, 67, 97, 0, 480