Instance
HEVTSP 2 08 2 TW 3

Customers
8

Service Time (same as Distance for all Modes: combustion, combustion+charging, electric, combustion+electric) (Depot, 1, ..., N, Depot)
0, 3, 2, 5, 1, 8, 6, 10, 4, 0

Initial Charging
0

Max Charging (in Watt/h)
16800

Charging Rate (in Watt/h)
12000

Discharging Rate (in Watt/h)
48000

Coordinates (Used for GUI, not necessarily related to Distances, Time, Costs)
0, 0, 23110, 21890, 22870, 24680, 23670, 24740, 24450, 21580, 24770, 21400, 24920, 22460, 24450, 24410, 20490, 21660

Distances (Depot-Depot, Depot-1, Depot-..., Depot-N, 1-Depot, 1-1, ..., M-N)
0, 31831, 33647, 34239, 32611, 32734, 33548, 34549, 29816, 31831, 0, 2800, 2904, 1375, 1731, 1898, 2854, 2630, 33647, 2800, 0, 802, 3479, 3791, 3022, 1603, 3845, 34239, 2904, 802, 0, 3255, 3516, 2600, 847, 4427, 32611, 1375, 3479, 3255, 0, 367, 998, 2830, 3961, 32734, 1731, 3791, 3516, 367, 0, 1071, 3027, 4288, 33548, 1898, 3022, 2600, 998, 1071, 0, 2006, 4502, 34549, 2854, 1603, 847, 2830, 3027, 2006, 0, 4821, 29816, 2630, 3845, 4427, 3961, 4288, 4502, 4821, 0

Time (same as Distance for all Modes: combustion, combustion+charging, electric, combustion+electric)
0, 36.04, 38.09, 38.76, 36.92, 37.06, 37.98, 39.11, 33.75, 36.04, 0, 6.72, 6.97, 3.3, 4.15, 4.56, 6.85, 6.31, 38.09, 6.72, 0, 2.67, 8.35, 9.1, 7.25, 3.85, 9.23, 38.76, 6.97, 2.67, 0, 7.81, 8.44, 6.24, 2.82, 10.62, 36.92, 3.3, 8.35, 7.81, 0, 1.69, 3.33, 6.79, 9.51, 37.06, 4.15, 9.1, 8.44, 1.69, 0, 2.57, 7.26, 10.29, 37.98, 4.56, 7.25, 6.24, 3.33, 2.57, 0, 4.81, 10.8, 39.11, 6.85, 3.85, 2.82, 6.79, 7.26, 4.81, 0, 11.57, 33.75, 6.31, 9.23, 10.62, 9.51, 10.29, 10.8, 11.57, 0, 0, 38.2, 40.38, 41.09, 39.13, 39.28, 40.26, 41.46, 35.78, 38.2, 0, 7.3, 7.58, 3.59, 4.52, 4.95, 7.45, 6.86, 40.38, 7.3, 0, 2.83, 9.08, 9.89, 7.88, 4.18, 10.03, 41.09, 7.58, 2.83, 0, 8.49, 9.17, 6.78, 2.99, 11.55, 39.13, 3.59, 9.08, 8.49, 0, 1.84, 3.52, 7.38, 10.33, 39.28, 4.52, 9.89, 9.17, 1.84, 0, 2.79, 7.9, 11.19, 40.26, 4.95, 7.88, 6.78, 3.52, 2.79, 0, 5.23, 11.74, 41.46, 7.45, 4.18, 2.99, 7.38, 7.9, 5.23, 0, 12.58, 35.78, 6.86, 10.03, 11.55, 10.33, 11.19, 11.74, 12.58, 0, 0, 40.64, 42.95, 43.71, 41.63, 41.79, 42.83, 44.11, 38.06, 40.64, 0, 8, 8.3, 3.93, 4.95, 5.42, 8.15, 7.51, 42.95, 8, 0, 3.01, 9.94, 10.83, 8.63, 4.58, 10.99, 43.71, 8.3, 3.01, 0, 9.3, 10.05, 7.43, 3.18, 12.65, 41.63, 3.93, 9.94, 9.3, 0, 2, 3.74, 8.09, 11.32, 41.79, 4.95, 10.83, 10.05, 2, 0, 3.06, 8.65, 12.25, 42.83, 5.42, 8.63, 7.43, 3.74, 3.06, 0, 5.73, 12.86, 44.11, 8.15, 4.58, 3.18, 8.09, 8.65, 5.73, 0, 13.77, 38.06, 7.51, 10.99, 12.65, 11.32, 12.25, 12.86, 13.77, 0, 0, 34.1, 36.05, 36.68, 34.94, 35.07, 35.94, 37.02, 31.95, 34.1, 0, 6.22, 6.45, 3.06, 3.85, 4.22, 6.34, 5.84, 36.05, 6.22, 0, 2.53, 7.73, 8.42, 6.72, 3.56, 8.54, 36.68, 6.45, 2.53, 0, 7.23, 7.81, 5.78, 2.67, 9.84, 34.94, 3.06, 7.73, 7.23, 0, 1.57, 3.15, 6.29, 8.8, 35.07, 3.85, 8.42, 7.81, 1.57, 0, 2.38, 6.73, 9.53, 35.94, 4.22, 6.72, 5.78, 3.15, 2.38, 0, 4.46, 10, 37.02, 6.34, 3.56, 2.67, 6.29, 6.73, 4.46, 0, 10.71, 31.95, 5.84, 8.54, 9.84, 8.8, 9.53, 10, 10.71, 0

Costs (same as Distance for all Modes: combustion, combustion+charging, electric, combustion+electric)
0, 3183.15, 3364.73, 3423.94, 3261.13, 3273.4, 3354.78, 3454.92, 2981.6, 3183.15, 0, 280.03, 290.45, 137.54, 173.08, 189.76, 285.41, 263.01, 3364.73, 280.03, 0, 80.22, 347.94, 379.06, 302.17, 160.29, 384.51, 3423.94, 290.45, 80.22, 0, 325.48, 351.65, 260.02, 84.69, 442.71, 3261.13, 137.54, 347.94, 325.48, 0, 36.72, 99.76, 283, 396.08, 3273.4, 173.08, 379.06, 351.65, 36.72, 0, 107.06, 302.7, 428.79, 3354.78, 189.76, 302.17, 260.02, 99.76, 107.06, 0, 200.58, 450.17, 3454.92, 285.41, 160.29, 84.69, 283, 302.7, 200.58, 0, 482.12, 2981.6, 263.01, 384.51, 442.71, 396.08, 428.79, 450.17, 482.12, 0, 0, 3501.41, 3701.17, 3766.29, 3587.21, 3600.74, 3690.28, 3800.39, 3279.76, 3501.41, 0, 308, 319.44, 151.25, 190.41, 208.78, 313.94, 289.3, 3701.17, 308, 0, 88.22, 382.69, 417.01, 332.42, 176.33, 422.95, 3766.29, 319.44, 88.22, 0, 358.05, 386.76, 286, 93.17, 486.97, 3587.21, 151.25, 382.69, 358.05, 0, 40.37, 109.78, 311.3, 435.71, 3600.74, 190.41, 417.01, 386.76, 40.37, 0, 117.81, 332.97, 471.68, 3690.28, 208.78, 332.42, 286, 109.78, 117.81, 0, 220.66, 495.22, 3800.39, 313.94, 176.33, 93.17, 311.3, 332.97, 220.66, 0, 530.31, 3279.76, 289.3, 422.95, 486.97, 435.71, 471.68, 495.22, 530.31, 0, 0, 636.62, 672.94, 684.78, 652.22, 654.68, 670.96, 690.98, 596.32, 636.62, 0, 56, 58.08, 27.5, 34.62, 37.96, 57.08, 52.6, 672.94, 56, 0, 16.04, 69.58, 75.82, 60.44, 32.06, 76.9, 684.78, 58.08, 16.04, 0, 65.1, 70.32, 52, 16.94, 88.54, 652.22, 27.5, 69.58, 65.1, 0, 7.34, 19.96, 56.6, 79.22, 654.68, 34.62, 75.82, 70.32, 7.34, 0, 21.42, 60.54, 85.76, 670.96, 37.96, 60.44, 52, 19.96, 21.42, 0, 40.12, 90.04, 690.98, 57.08, 32.06, 16.94, 56.6, 60.54, 40.12, 0, 96.42, 596.32, 52.6, 76.9, 88.54, 79.22, 85.76, 90.04, 96.42, 0, 0, 3819.72, 4037.64, 4108.68, 3913.32, 3928.08, 4025.76, 4145.88, 3577.92, 3819.72, 0, 336, 348.48, 165, 207.72, 227.76, 342.48, 315.6, 4037.64, 336, 0, 96.24, 417.48, 454.92, 362.64, 192.36, 461.4, 4108.68, 348.48, 96.24, 0, 390.6, 421.92, 312, 101.64, 531.24, 3913.32, 165, 417.48, 390.6, 0, 44.04, 119.76, 339.6, 475.32, 3928.08, 207.72, 454.92, 421.92, 44.04, 0, 128.52, 363.24, 514.56, 4025.76, 227.76, 362.64, 312, 119.76, 128.52, 0, 240.72, 540.24, 4145.88, 342.48, 192.36, 101.64, 339.6, 363.24, 240.72, 0, 578.52, 3577.92, 315.6, 461.4, 531.24, 475.32, 514.56, 540.24, 578.52, 0

Time Windows (Depot, 1, ..., N)
0, 480, 0, 480, 426, 456, 0, 480, 0, 480, 0, 480, 0, 480, 0, 480, 437, 467