Instance
HEVTSP 1 08 3 TW 0

Customers
8

Service Time (same as Distance for all Modes: combustion, combustion+charging, electric, combustion+electric) (Depot, 1, ..., N, Depot)
0, 8, 8, 8, 1, 7, 6, 7, 7, 0

Initial Charging
0

Max Charging (in Watt/h)
16800

Charging Rate (in Watt/h)
12000

Discharging Rate (in Watt/h)
48000

Coordinates (Used for GUI, not necessarily related to Distances, Time, Costs)
0, 0, 3070, 2610, 1620, 3730, 1650, 1110, 3850, 470, 2520, 1990, 4520, 3010, 2380, 2250, 2910, 750

Distances (Depot-Depot, Depot-1, Depot-..., Depot-N, 1-Depot, 1-1, ..., M-N)
0, 4030, 4067, 1989, 3879, 3211, 5431, 3275, 3005, 4030, 0, 1832, 2066, 2278, 829, 1504, 778, 1867, 4067, 1832, 0, 2620, 3950, 1959, 2988, 1664, 3247, 1989, 2066, 2620, 0, 2291, 1237, 3442, 1354, 1310, 3879, 2278, 3950, 2291, 0, 2020, 2627, 2309, 981, 3211, 829, 1959, 1237, 2020, 0, 2245, 295, 1300, 5431, 1504, 2988, 3442, 2627, 2245, 0, 2271, 2775, 3275, 778, 1664, 1354, 2309, 295, 2271, 0, 1591, 3005, 1867, 3247, 1310, 981, 1300, 2775, 1591, 0

Time (same as Distance for all Modes: combustion, combustion+charging, electric, combustion+electric)
0, 10.08, 10.17, 4.97, 9.7, 8.03, 11.24, 8.19, 7.51, 10.08, 0, 4.58, 5.17, 5.7, 2.93, 3.76, 2.75, 4.67, 10.17, 4.58, 0, 6.55, 9.88, 4.9, 7.47, 4.16, 8.12, 4.97, 5.17, 6.55, 0, 5.73, 3.09, 8.61, 3.39, 3.28, 9.7, 5.7, 9.88, 5.73, 0, 5.05, 6.57, 5.77, 3.46, 8.03, 2.93, 4.9, 3.09, 5.05, 0, 5.61, 1.48, 3.25, 11.24, 3.76, 7.47, 8.61, 6.57, 5.61, 0, 5.68, 6.94, 8.19, 2.75, 4.16, 3.39, 5.77, 1.48, 5.68, 0, 3.98, 7.51, 4.67, 8.12, 3.28, 3.46, 3.25, 6.94, 3.98, 0, 0, 10.99, 11.09, 5.42, 10.58, 8.76, 12.53, 8.93, 8.2, 10.99, 0, 5, 5.63, 6.21, 3.11, 4.1, 2.92, 5.09, 11.09, 5, 0, 7.15, 10.77, 5.34, 8.15, 4.54, 8.86, 5.42, 5.63, 7.15, 0, 6.25, 3.37, 9.39, 3.69, 3.57, 10.58, 6.21, 10.77, 6.25, 0, 5.51, 7.16, 6.3, 3.68, 8.76, 3.11, 5.34, 3.37, 5.51, 0, 6.12, 1.61, 3.55, 12.53, 4.1, 8.15, 9.39, 7.16, 6.12, 0, 6.19, 7.57, 8.93, 2.92, 4.54, 3.69, 6.3, 1.61, 6.19, 0, 4.34, 8.2, 5.09, 8.86, 3.57, 3.68, 3.55, 7.57, 4.34, 0, 0, 12.09, 12.2, 5.97, 11.64, 9.63, 14.17, 9.83, 9.02, 12.09, 0, 5.5, 6.2, 6.83, 3.32, 4.51, 3.11, 5.6, 12.2, 5.5, 0, 7.86, 11.85, 5.88, 8.96, 4.99, 9.74, 5.97, 6.2, 7.86, 0, 6.87, 3.71, 10.33, 4.06, 3.93, 11.64, 6.83, 11.85, 6.87, 0, 6.06, 7.88, 6.93, 3.92, 9.63, 3.32, 5.88, 3.71, 6.06, 0, 6.74, 1.77, 3.9, 14.17, 4.51, 8.96, 10.33, 7.88, 6.74, 0, 6.81, 8.33, 9.83, 3.11, 4.99, 4.06, 6.93, 1.77, 6.81, 0, 4.77, 9.02, 5.6, 9.74, 3.93, 3.92, 3.9, 8.33, 4.77, 0, 0, 9.3, 9.39, 4.59, 8.95, 7.41, 9.58, 7.56, 6.93, 9.3, 0, 4.23, 4.77, 5.26, 2.76, 3.47, 2.59, 4.31, 9.39, 4.23, 0, 6.05, 9.12, 4.52, 6.9, 3.84, 7.49, 4.59, 4.77, 6.05, 0, 5.29, 2.85, 7.94, 3.12, 3.02, 8.95, 5.26, 9.12, 5.29, 0, 4.66, 6.06, 5.33, 3.27, 7.41, 2.76, 4.52, 2.85, 4.66, 0, 5.18, 1.36, 3, 9.58, 3.47, 6.9, 7.94, 6.06, 5.18, 0, 5.24, 6.4, 7.56, 2.59, 3.84, 3.12, 5.33, 1.36, 5.24, 0, 3.67, 6.93, 4.31, 7.49, 3.02, 3.27, 3, 6.4, 3.67, 0

Costs (same as Distance for all Modes: combustion, combustion+charging, electric, combustion+electric)
0, 402.95, 406.66, 198.86, 387.86, 321.1, 543.05, 327.52, 300.51, 402.95, 0, 183.22, 206.55, 227.77, 82.88, 150.42, 77.83, 186.69, 406.66, 183.22, 0, 262.02, 394.97, 195.9, 298.8, 166.37, 324.72, 198.86, 206.55, 262.02, 0, 229.12, 123.75, 344.19, 135.37, 131.04, 387.86, 227.77, 394.97, 229.12, 0, 201.97, 262.69, 230.85, 98.08, 321.1, 82.88, 195.9, 123.75, 201.97, 0, 224.51, 29.53, 129.99, 543.05, 150.42, 298.8, 344.19, 262.69, 224.51, 0, 227.09, 277.48, 327.52, 77.83, 166.37, 135.37, 230.85, 29.53, 227.09, 0, 159.09, 300.51, 186.69, 324.72, 131.04, 98.08, 129.99, 277.48, 159.09, 0, 0, 443.3, 447.37, 218.79, 426.69, 353.21, 597.41, 360.25, 330.55, 443.3, 0, 201.52, 227.26, 250.58, 91.19, 165.44, 85.58, 205.37, 447.37, 201.52, 0, 288.2, 434.5, 215.49, 328.68, 183.04, 357.17, 218.79, 227.26, 288.2, 0, 252.01, 136.07, 378.62, 148.94, 144.1, 426.69, 250.58, 434.5, 252.01, 0, 222.2, 288.97, 253.99, 107.91, 353.21, 91.19, 215.49, 136.07, 222.2, 0, 246.95, 32.45, 143, 597.41, 165.44, 328.68, 378.62, 288.97, 246.95, 0, 249.81, 305.25, 360.25, 85.58, 183.04, 148.94, 253.99, 32.45, 249.81, 0, 175.01, 330.55, 205.37, 357.17, 144.1, 107.91, 143, 305.25, 175.01, 0, 0, 80.6, 81.34, 39.78, 77.58, 64.22, 108.62, 65.5, 60.1, 80.6, 0, 36.64, 41.32, 45.56, 16.58, 30.08, 15.56, 37.34, 81.34, 36.64, 0, 52.4, 79, 39.18, 59.76, 33.28, 64.94, 39.78, 41.32, 52.4, 0, 45.82, 24.74, 68.84, 27.08, 26.2, 77.58, 45.56, 79, 45.82, 0, 40.4, 52.54, 46.18, 19.62, 64.22, 16.58, 39.18, 24.74, 40.4, 0, 44.9, 5.9, 26, 108.62, 30.08, 59.76, 68.84, 52.54, 44.9, 0, 45.42, 55.5, 65.5, 15.56, 33.28, 27.08, 46.18, 5.9, 45.42, 0, 31.82, 60.1, 37.34, 64.94, 26.2, 19.62, 26, 55.5, 31.82, 0, 0, 483.6, 488.04, 238.68, 465.48, 385.32, 651.72, 393, 360.6, 483.6, 0, 219.84, 247.92, 273.36, 99.48, 180.48, 93.36, 224.04, 488.04, 219.84, 0, 314.4, 474, 235.08, 358.56, 199.68, 389.64, 238.68, 247.92, 314.4, 0, 274.92, 148.44, 413.04, 162.48, 157.2, 465.48, 273.36, 474, 274.92, 0, 242.4, 315.24, 277.08, 117.72, 385.32, 99.48, 235.08, 148.44, 242.4, 0, 269.4, 35.4, 156, 651.72, 180.48, 358.56, 413.04, 315.24, 269.4, 0, 272.52, 333, 393, 93.36, 199.68, 162.48, 277.08, 35.4, 272.52, 0, 190.92, 360.6, 224.04, 389.64, 157.2, 117.72, 156, 333, 190.92, 0

Time Windows (Depot, 1, ..., N)
0, 480, 0, 480, 0, 480, 0, 480, 0, 480, 0, 480, 0, 480, 0, 480, 0, 480