Instance
HEVTSP 3 08 1 TW 3

Customers
8

Service Time (same as Distance for all Modes: combustion, combustion+charging, electric, combustion+electric) (Depot, 1, ..., N, Depot)
0, 5, 2, 3, 6, 1, 1, 1, 1, 0

Initial Charging
0

Max Charging (in Watt/h)
16800

Charging Rate (in Watt/h)
12000

Discharging Rate (in Watt/h)
48000

Coordinates (Used for GUI, not necessarily related to Distances, Time, Costs)
0, 0, 40000, 40000, 42920, 41550, 42730, 40200, 43020, 41770, 42550, 40040, 42670, 43920, 41530, 41020, 45000, 45000

Distances (Depot-Depot, Depot-1, Depot-..., Depot-N, 1-Depot, 1-1, ..., M-N)
0, 56569, 59737, 58668, 59962, 58427, 61235, 58373, 63640, 56569, 0, 3306, 2737, 3500, 2550, 4743, 1839, 7071, 59737, 3306, 0, 1363, 242, 1555, 2383, 1488, 4029, 58668, 2737, 1363, 0, 1597, 241, 3720, 1453, 5310, 59962, 3500, 242, 1597, 0, 1793, 2178, 1668, 3789, 58427, 2550, 1555, 241, 1793, 0, 3882, 1414, 5532, 61235, 4743, 2383, 3720, 2178, 3882, 0, 3116, 2568, 58373, 1839, 1488, 1453, 1668, 1414, 3116, 0, 5280, 63640, 7071, 4029, 5310, 3789, 5532, 2568, 5280, 0

Time (same as Distance for all Modes: combustion, combustion+charging, electric, combustion+electric)
0, 62.85, 66.37, 65.19, 66.62, 64.92, 68.04, 64.86, 70.71, 62.85, 0, 7.35, 6.08, 7.78, 5.67, 10.54, 4.09, 8.66, 66.37, 7.35, 0, 3.03, 1.04, 3.46, 5.3, 3.31, 8.95, 65.19, 6.08, 3.03, 0, 3.55, 1.03, 8.27, 3.23, 6.5, 66.62, 7.78, 1.04, 3.55, 0, 3.98, 4.84, 3.71, 8.42, 64.92, 5.67, 3.46, 1.03, 3.98, 0, 8.63, 3.14, 6.77, 68.04, 10.54, 5.3, 8.27, 4.84, 8.63, 0, 6.92, 5.71, 64.86, 4.09, 3.31, 3.23, 3.71, 3.14, 6.92, 0, 6.47, 70.71, 8.66, 8.95, 6.5, 8.42, 6.77, 5.71, 6.47, 0, 0, 66.55, 70.28, 69.02, 70.54, 68.74, 72.04, 68.67, 74.87, 66.55, 0, 7.93, 6.57, 8.4, 6.12, 11.38, 4.41, 9.22, 70.28, 7.93, 0, 3.27, 1.12, 3.73, 5.72, 3.57, 9.67, 69.02, 6.57, 3.27, 0, 3.83, 1.11, 8.93, 3.49, 6.93, 70.54, 8.4, 1.12, 3.83, 0, 4.3, 5.23, 4, 9.09, 68.74, 6.12, 3.73, 1.11, 4.3, 0, 9.32, 3.39, 7.22, 72.04, 11.38, 5.72, 8.93, 5.23, 9.32, 0, 7.48, 6.16, 68.67, 4.41, 3.57, 3.49, 4, 3.39, 7.48, 0, 6.89, 74.87, 9.22, 9.67, 6.93, 9.09, 7.22, 6.16, 6.89, 0, 0, 70.71, 74.67, 73.34, 74.95, 73.03, 76.54, 72.97, 79.55, 70.71, 0, 8.62, 7.14, 9.13, 6.65, 12.37, 4.8, 9.87, 74.67, 8.62, 0, 3.56, 1.21, 4.06, 6.22, 3.88, 10.51, 73.34, 7.14, 3.56, 0, 4.17, 1.21, 9.7, 3.79, 7.41, 74.95, 9.13, 1.21, 4.17, 0, 4.68, 5.68, 4.35, 9.88, 73.03, 6.65, 4.06, 1.21, 4.68, 0, 10.13, 3.69, 7.72, 76.54, 12.37, 6.22, 9.7, 5.68, 10.13, 0, 8.13, 6.7, 72.97, 4.8, 3.88, 3.79, 4.35, 3.69, 8.13, 0, 7.37, 79.55, 9.87, 10.51, 7.41, 9.88, 7.72, 6.7, 7.37, 0, 0, 59.55, 62.88, 61.76, 63.12, 61.5, 64.46, 61.45, 66.99, 59.55, 0, 6.84, 5.66, 7.24, 5.28, 9.81, 3.8, 8.16, 62.88, 6.84, 0, 2.82, 0.97, 3.22, 4.93, 3.08, 8.34, 61.76, 5.66, 2.82, 0, 3.3, 0.96, 7.7, 3.01, 6.13, 63.12, 7.24, 0.97, 3.3, 0, 3.71, 4.51, 3.45, 7.84, 61.5, 5.28, 3.22, 0.96, 3.71, 0, 8.03, 2.93, 6.38, 64.46, 9.81, 4.93, 7.7, 4.51, 8.03, 0, 6.45, 5.31, 61.45, 3.8, 3.08, 3.01, 3.45, 2.93, 6.45, 0, 6.09, 66.99, 8.16, 8.34, 6.13, 7.84, 6.38, 5.31, 6.09, 0

Costs (same as Distance for all Modes: combustion, combustion+charging, electric, combustion+electric)
0, 5656.85, 5973.72, 5866.76, 5996.21, 5842.69, 6123.48, 5837.28, 6363.96, 5656.85, 0, 330.59, 273.73, 350.05, 255.03, 474.29, 183.88, 707.11, 5973.72, 330.59, 0, 136.33, 24.17, 155.47, 238.31, 148.76, 402.85, 5866.76, 273.73, 136.33, 0, 159.66, 24.08, 372.05, 145.34, 530.97, 5996.21, 350.05, 24.17, 159.66, 0, 179.27, 217.83, 166.81, 378.86, 5842.69, 255.03, 155.47, 24.08, 179.27, 0, 388.19, 141.45, 553.21, 6123.48, 474.29, 238.31, 372.05, 217.83, 388.19, 0, 311.6, 256.81, 5837.28, 183.88, 148.76, 145.34, 166.81, 141.45, 311.6, 0, 528.03, 6363.96, 707.11, 402.85, 530.97, 378.86, 553.21, 256.81, 528.03, 0, 0, 6222.59, 6571.07, 6453.48, 6595.82, 6426.97, 6735.85, 6421.03, 7000.4, 6222.59, 0, 363.66, 301.07, 385, 280.5, 521.73, 202.29, 777.81, 6571.07, 363.66, 0, 149.93, 26.62, 171.05, 262.13, 163.68, 443.19, 6453.48, 301.07, 149.93, 0, 175.67, 26.51, 409.2, 159.83, 584.1, 6595.82, 385, 26.62, 175.67, 0, 197.23, 239.58, 183.48, 416.79, 6426.97, 280.5, 171.05, 26.51, 197.23, 0, 427.02, 155.54, 608.52, 6735.85, 521.73, 262.13, 409.2, 239.58, 427.02, 0, 342.76, 282.48, 6421.03, 202.29, 163.68, 159.83, 183.48, 155.54, 342.76, 0, 580.8, 7000.4, 777.81, 443.19, 584.1, 416.79, 608.52, 282.48, 580.8, 0, 0, 1131.38, 1194.74, 1173.36, 1199.24, 1168.54, 1224.7, 1167.46, 1272.8, 1131.38, 0, 66.12, 54.74, 70, 51, 94.86, 36.78, 141.42, 1194.74, 66.12, 0, 27.26, 4.84, 31.1, 47.66, 29.76, 80.58, 1173.36, 54.74, 27.26, 0, 31.94, 4.82, 74.4, 29.06, 106.2, 1199.24, 70, 4.84, 31.94, 0, 35.86, 43.56, 33.36, 75.78, 1168.54, 51, 31.1, 4.82, 35.86, 0, 77.64, 28.28, 110.64, 1224.7, 94.86, 47.66, 74.4, 43.56, 77.64, 0, 62.32, 51.36, 1167.46, 36.78, 29.76, 29.06, 33.36, 28.28, 62.32, 0, 105.6, 1272.8, 141.42, 80.58, 106.2, 75.78, 110.64, 51.36, 105.6, 0, 0, 6788.28, 7168.44, 7040.16, 7195.44, 7011.24, 7348.2, 7004.76, 7636.8, 6788.28, 0, 396.72, 328.44, 420, 306, 569.16, 220.68, 848.52, 7168.44, 396.72, 0, 163.56, 29.04, 186.6, 285.96, 178.56, 483.48, 7040.16, 328.44, 163.56, 0, 191.64, 28.92, 446.4, 174.36, 637.2, 7195.44, 420, 29.04, 191.64, 0, 215.16, 261.36, 200.16, 454.68, 7011.24, 306, 186.6, 28.92, 215.16, 0, 465.84, 169.68, 663.84, 7348.2, 569.16, 285.96, 446.4, 261.36, 465.84, 0, 373.92, 308.16, 7004.76, 220.68, 178.56, 174.36, 200.16, 169.68, 373.92, 0, 633.6, 7636.8, 848.52, 483.48, 637.2, 454.68, 663.84, 308.16, 633.6, 0

Time Windows (Depot, 1, ..., N)
0, 480, 404, 434, 0, 480, 0, 480, 0, 480, 0, 480, 0, 480, 399, 429, 0, 480