Instance
HEVTSP 3 10 1 TW 2

Customers
10

Service Time (same as Distance for all Modes: combustion, combustion+charging, electric, combustion+electric) (Depot, 1, ..., N, Depot)
0, 5, 2, 3, 6, 1, 1, 1, 6, 6, 1, 0

Initial Charging
0

Max Charging (in Watt/h)
16800

Charging Rate (in Watt/h)
12000

Discharging Rate (in Watt/h)
48000

Coordinates (Used for GUI, not necessarily related to Distances, Time, Costs)
0, 0, 40000, 40000, 42920, 41550, 42730, 40200, 43020, 41770, 42550, 40040, 42670, 43920, 41530, 41020, 42040, 42500, 43340, 44440, 45000, 45000

Distances (Depot-Depot, Depot-1, Depot-..., Depot-N, 1-Depot, 1-1, ..., M-N)
0, 56569, 59737, 58668, 59962, 58427, 61235, 58373, 59780, 62075, 63640, 56569, 0, 3306, 2737, 3500, 2550, 4743, 1839, 3227, 5556, 7071, 59737, 3306, 0, 1363, 242, 1555, 2383, 1488, 1295, 2920, 4029, 58668, 2737, 1363, 0, 1597, 241, 3720, 1453, 2401, 4284, 5310, 59962, 3500, 242, 1597, 0, 1793, 2178, 1668, 1222, 2689, 3789, 58427, 2550, 1555, 241, 1793, 0, 3882, 1414, 2512, 4470, 5532, 61235, 4743, 2383, 3720, 2178, 3882, 0, 3116, 1553, 848, 2568, 58373, 1839, 1488, 1453, 1668, 1414, 3116, 0, 1565, 3869, 5280, 59780, 3227, 1295, 2401, 1222, 2512, 1553, 1565, 0, 2335, 3874, 62075, 5556, 2920, 4284, 2689, 4470, 848, 3869, 2335, 0, 1752, 63640, 7071, 4029, 5310, 3789, 5532, 2568, 5280, 3874, 1752, 0

Time (same as Distance for all Modes: combustion, combustion+charging, electric, combustion+electric)
0, 62.85, 66.37, 65.19, 66.62, 64.92, 68.04, 64.86, 66.42, 68.97, 70.71, 62.85, 0, 7.35, 6.08, 7.78, 5.67, 10.54, 4.09, 7.17, 6.8, 8.66, 66.37, 7.35, 0, 3.03, 1.04, 3.46, 5.3, 3.31, 2.88, 6.49, 8.95, 65.19, 6.08, 3.03, 0, 3.55, 1.03, 8.27, 3.23, 5.34, 9.52, 6.5, 66.62, 7.78, 1.04, 3.55, 0, 3.98, 4.84, 3.71, 2.72, 5.98, 8.42, 64.92, 5.67, 3.46, 1.03, 3.98, 0, 8.63, 3.14, 5.58, 9.93, 6.77, 68.04, 10.54, 5.3, 8.27, 4.84, 8.63, 0, 6.92, 3.45, 2.68, 5.71, 64.86, 4.09, 3.31, 3.23, 3.71, 3.14, 6.92, 0, 3.48, 8.6, 6.47, 66.42, 7.17, 2.88, 5.34, 2.72, 5.58, 3.45, 3.48, 0, 5.19, 8.61, 68.97, 6.8, 6.49, 9.52, 5.98, 9.93, 2.68, 8.6, 5.19, 0, 3.89, 70.71, 8.66, 8.95, 6.5, 8.42, 6.77, 5.71, 6.47, 8.61, 3.89, 0, 0, 66.55, 70.28, 69.02, 70.54, 68.74, 72.04, 68.67, 70.33, 73.03, 74.87, 66.55, 0, 7.93, 6.57, 8.4, 6.12, 11.38, 4.41, 7.74, 7.25, 9.22, 70.28, 7.93, 0, 3.27, 1.12, 3.73, 5.72, 3.57, 3.11, 7.01, 9.67, 69.02, 6.57, 3.27, 0, 3.83, 1.11, 8.93, 3.49, 5.76, 10.28, 6.93, 70.54, 8.4, 1.12, 3.83, 0, 4.3, 5.23, 4, 2.93, 6.45, 9.09, 68.74, 6.12, 3.73, 1.11, 4.3, 0, 9.32, 3.39, 6.03, 10.73, 7.22, 72.04, 11.38, 5.72, 8.93, 5.23, 9.32, 0, 7.48, 3.73, 2.83, 6.16, 68.67, 4.41, 3.57, 3.49, 4, 3.39, 7.48, 0, 3.76, 9.29, 6.89, 70.33, 7.74, 3.11, 5.76, 2.93, 6.03, 3.73, 3.76, 0, 5.6, 9.3, 73.03, 7.25, 7.01, 10.28, 6.45, 10.73, 2.83, 9.29, 5.6, 0, 4.2, 74.87, 9.22, 9.67, 6.93, 9.09, 7.22, 6.16, 6.89, 9.3, 4.2, 0, 0, 70.71, 74.67, 73.34, 74.95, 73.03, 76.54, 72.97, 74.73, 77.59, 79.55, 70.71, 0, 8.62, 7.14, 9.13, 6.65, 12.37, 4.8, 8.42, 7.75, 9.87, 74.67, 8.62, 0, 3.56, 1.21, 4.06, 6.22, 3.88, 3.38, 7.62, 10.51, 73.34, 7.14, 3.56, 0, 4.17, 1.21, 9.7, 3.79, 6.26, 11.18, 7.41, 74.95, 9.13, 1.21, 4.17, 0, 4.68, 5.68, 4.35, 3.19, 7.01, 9.88, 73.03, 6.65, 4.06, 1.21, 4.68, 0, 10.13, 3.69, 6.55, 11.66, 7.72, 76.54, 12.37, 6.22, 9.7, 5.68, 10.13, 0, 8.13, 4.05, 2.99, 6.7, 72.97, 4.8, 3.88, 3.79, 4.35, 3.69, 8.13, 0, 4.08, 10.09, 7.37, 74.73, 8.42, 3.38, 6.26, 3.19, 6.55, 4.05, 4.08, 0, 6.09, 10.11, 77.59, 7.75, 7.62, 11.18, 7.01, 11.66, 2.99, 10.09, 6.09, 0, 4.57, 79.55, 9.87, 10.51, 7.41, 9.88, 7.72, 6.7, 7.37, 10.11, 4.57, 0, 0, 59.55, 62.88, 61.76, 63.12, 61.5, 64.46, 61.45, 62.93, 65.34, 66.99, 59.55, 0, 6.84, 5.66, 7.24, 5.28, 9.81, 3.8, 6.68, 6.41, 8.16, 62.88, 6.84, 0, 2.82, 0.97, 3.22, 4.93, 3.08, 2.68, 6.04, 8.34, 61.76, 5.66, 2.82, 0, 3.3, 0.96, 7.7, 3.01, 4.97, 8.86, 6.13, 63.12, 7.24, 0.97, 3.3, 0, 3.71, 4.51, 3.45, 2.53, 5.56, 7.84, 61.5, 5.28, 3.22, 0.96, 3.71, 0, 8.03, 2.93, 5.2, 9.25, 6.38, 64.46, 9.81, 4.93, 7.7, 4.51, 8.03, 0, 6.45, 3.21, 2.54, 5.31, 61.45, 3.8, 3.08, 3.01, 3.45, 2.93, 6.45, 0, 3.24, 8, 6.09, 62.93, 6.68, 2.68, 4.97, 2.53, 5.2, 3.21, 3.24, 0, 4.83, 8.02, 65.34, 6.41, 6.04, 8.86, 5.56, 9.25, 2.54, 8, 4.83, 0, 3.62, 66.99, 8.16, 8.34, 6.13, 7.84, 6.38, 5.31, 6.09, 8.02, 3.62, 0

Costs (same as Distance for all Modes: combustion, combustion+charging, electric, combustion+electric)
0, 5656.85, 5973.72, 5866.76, 5996.21, 5842.69, 6123.48, 5837.28, 5977.97, 6207.47, 6363.96, 5656.85, 0, 330.59, 273.73, 350.05, 255.03, 474.29, 183.88, 322.67, 555.6, 707.11, 5973.72, 330.59, 0, 136.33, 24.17, 155.47, 238.31, 148.76, 129.5, 292.04, 402.85, 5866.76, 273.73, 136.33, 0, 159.66, 24.08, 372.05, 145.34, 240.13, 428.37, 530.97, 5996.21, 350.05, 24.17, 159.66, 0, 179.27, 217.83, 166.81, 122.2, 268.91, 378.86, 5842.69, 255.03, 155.47, 24.08, 179.27, 0, 388.19, 141.45, 251.23, 447.04, 553.21, 6123.48, 474.29, 238.31, 372.05, 217.83, 388.19, 0, 311.6, 155.35, 84.81, 256.81, 5837.28, 183.88, 148.76, 145.34, 166.81, 141.45, 311.6, 0, 156.54, 386.94, 528.03, 5977.97, 322.67, 129.5, 240.13, 122.2, 251.23, 155.35, 156.54, 0, 233.53, 387.45, 6207.47, 555.6, 292.04, 428.37, 268.91, 447.04, 84.81, 386.94, 233.53, 0, 175.19, 6363.96, 707.11, 402.85, 530.97, 378.86, 553.21, 256.81, 528.03, 387.45, 175.19, 0, 0, 6222.59, 6571.07, 6453.48, 6595.82, 6426.97, 6735.85, 6421.03, 6575.8, 6828.25, 7000.4, 6222.59, 0, 363.66, 301.07, 385, 280.5, 521.73, 202.29, 354.97, 611.16, 777.81, 6571.07, 363.66, 0, 149.93, 26.62, 171.05, 262.13, 163.68, 142.45, 321.2, 443.19, 6453.48, 301.07, 149.93, 0, 175.67, 26.51, 409.2, 159.83, 264.11, 471.24, 584.1, 6595.82, 385, 26.62, 175.67, 0, 197.23, 239.58, 183.48, 134.42, 295.79, 416.79, 6426.97, 280.5, 171.05, 26.51, 197.23, 0, 427.02, 155.54, 276.32, 491.7, 608.52, 6735.85, 521.73, 262.13, 409.2, 239.58, 427.02, 0, 342.76, 170.83, 93.28, 282.48, 6421.03, 202.29, 163.68, 159.83, 183.48, 155.54, 342.76, 0, 172.15, 425.59, 580.8, 6575.8, 354.97, 142.45, 264.11, 134.42, 276.32, 170.83, 172.15, 0, 256.85, 426.14, 6828.25, 611.16, 321.2, 471.24, 295.79, 491.7, 93.28, 425.59, 256.85, 0, 192.72, 7000.4, 777.81, 443.19, 584.1, 416.79, 608.52, 282.48, 580.8, 426.14, 192.72, 0, 0, 1131.38, 1194.74, 1173.36, 1199.24, 1168.54, 1224.7, 1167.46, 1195.6, 1241.5, 1272.8, 1131.38, 0, 66.12, 54.74, 70, 51, 94.86, 36.78, 64.54, 111.12, 141.42, 1194.74, 66.12, 0, 27.26, 4.84, 31.1, 47.66, 29.76, 25.9, 58.4, 80.58, 1173.36, 54.74, 27.26, 0, 31.94, 4.82, 74.4, 29.06, 48.02, 85.68, 106.2, 1199.24, 70, 4.84, 31.94, 0, 35.86, 43.56, 33.36, 24.44, 53.78, 75.78, 1168.54, 51, 31.1, 4.82, 35.86, 0, 77.64, 28.28, 50.24, 89.4, 110.64, 1224.7, 94.86, 47.66, 74.4, 43.56, 77.64, 0, 62.32, 31.06, 16.96, 51.36, 1167.46, 36.78, 29.76, 29.06, 33.36, 28.28, 62.32, 0, 31.3, 77.38, 105.6, 1195.6, 64.54, 25.9, 48.02, 24.44, 50.24, 31.06, 31.3, 0, 46.7, 77.48, 1241.5, 111.12, 58.4, 85.68, 53.78, 89.4, 16.96, 77.38, 46.7, 0, 35.04, 1272.8, 141.42, 80.58, 106.2, 75.78, 110.64, 51.36, 105.6, 77.48, 35.04, 0, 0, 6788.28, 7168.44, 7040.16, 7195.44, 7011.24, 7348.2, 7004.76, 7173.6, 7449, 7636.8, 6788.28, 0, 396.72, 328.44, 420, 306, 569.16, 220.68, 387.24, 666.72, 848.52, 7168.44, 396.72, 0, 163.56, 29.04, 186.6, 285.96, 178.56, 155.4, 350.4, 483.48, 7040.16, 328.44, 163.56, 0, 191.64, 28.92, 446.4, 174.36, 288.12, 514.08, 637.2, 7195.44, 420, 29.04, 191.64, 0, 215.16, 261.36, 200.16, 146.64, 322.68, 454.68, 7011.24, 306, 186.6, 28.92, 215.16, 0, 465.84, 169.68, 301.44, 536.4, 663.84, 7348.2, 569.16, 285.96, 446.4, 261.36, 465.84, 0, 373.92, 186.36, 101.76, 308.16, 7004.76, 220.68, 178.56, 174.36, 200.16, 169.68, 373.92, 0, 187.8, 464.28, 633.6, 7173.6, 387.24, 155.4, 288.12, 146.64, 301.44, 186.36, 187.8, 0, 280.2, 464.88, 7449, 666.72, 350.4, 514.08, 322.68, 536.4, 101.76, 464.28, 280.2, 0, 210.24, 7636.8, 848.52, 483.48, 637.2, 454.68, 663.84, 308.16, 633.6, 464.88, 210.24, 0

Time Windows (Depot, 1, ..., N)
0, 480, 100, 130, 204, 234, 0, 480, 174, 204, 0, 480, 135, 165, 119, 149, 150, 180, 147, 177, 147, 177