Instance
HEVTSP 1 08 1 TW 2

Customers
8

Service Time (same as Distance for all Modes: combustion, combustion+charging, electric, combustion+electric) (Depot, 1, ..., N, Depot)
0, 3, 3, 2, 3, 4, 7, 5, 1, 0

Initial Charging
0

Max Charging (in Watt/h)
16800

Charging Rate (in Watt/h)
12000

Discharging Rate (in Watt/h)
48000

Coordinates (Used for GUI, not necessarily related to Distances, Time, Costs)
0, 0, 1630, 2380, 3760, 460, 270, 3910, 4980, 2900, 1560, 690, 4770, 340, 4050, 380, 5000, 5000

Distances (Depot-Depot, Depot-1, Depot-..., Depot-N, 1-Depot, 1-1, ..., M-N)
0, 2885, 3788, 3919, 5763, 1706, 4782, 4068, 7071, 2885, 0, 2868, 2047, 3390, 1691, 3744, 3139, 4269, 3788, 2868, 0, 4907, 2728, 2212, 1017, 301, 4706, 3919, 2047, 4907, 0, 4817, 3469, 5744, 5172, 4854, 5763, 3390, 2728, 4817, 0, 4072, 2569, 2686, 2100, 1706, 1691, 2212, 3469, 4072, 0, 3229, 2509, 5514, 4782, 3744, 1017, 5744, 2569, 3229, 0, 721, 4666, 4068, 3139, 301, 5172, 2686, 2509, 721, 0, 4717, 7071, 4269, 4706, 4854, 2100, 5514, 4666, 4717, 0

Time (same as Distance for all Modes: combustion, combustion+charging, electric, combustion+electric)
0, 7.21, 9.47, 9.8, 11.92, 4.27, 11.96, 10.17, 14.63, 7.21, 0, 7.17, 5.12, 8.48, 4.23, 9.36, 7.85, 10.67, 9.47, 7.17, 0, 12.27, 6.82, 5.53, 2.54, 1.51, 11.77, 9.8, 5.12, 12.27, 0, 12.04, 8.67, 11.88, 10.7, 12.14, 11.92, 8.48, 6.82, 12.04, 0, 10.18, 6.42, 6.72, 5.25, 4.27, 4.23, 5.53, 8.67, 10.18, 0, 8.07, 6.27, 11.41, 11.96, 9.36, 2.54, 11.88, 6.42, 8.07, 0, 2.54, 11.67, 10.17, 7.85, 1.51, 10.7, 6.72, 6.27, 2.54, 0, 11.79, 14.63, 10.67, 11.77, 12.14, 5.25, 11.41, 11.67, 11.79, 0, 0, 7.87, 10.33, 10.69, 13.3, 4.65, 13.04, 11.09, 16.32, 7.87, 0, 7.82, 5.58, 9.25, 4.61, 10.21, 8.56, 11.64, 10.33, 7.82, 0, 13.38, 7.44, 6.03, 2.77, 1.64, 12.83, 10.69, 5.58, 13.38, 0, 13.14, 9.46, 13.26, 11.94, 13.24, 13.3, 9.25, 7.44, 13.14, 0, 11.11, 7.01, 7.33, 5.73, 4.65, 4.61, 6.03, 9.46, 11.11, 0, 8.81, 6.84, 12.72, 13.04, 10.21, 2.77, 13.26, 7.01, 8.81, 0, 2.7, 12.73, 11.09, 8.56, 1.64, 11.94, 7.33, 6.84, 2.7, 0, 12.86, 16.32, 11.64, 12.83, 13.24, 5.73, 12.72, 12.73, 12.86, 0, 0, 8.66, 11.36, 11.76, 15.03, 5.12, 14.35, 12.2, 18.45, 8.66, 0, 8.6, 6.14, 10.17, 5.07, 11.23, 9.42, 12.81, 11.36, 8.6, 0, 14.72, 8.18, 6.64, 3.05, 1.81, 14.12, 11.76, 6.14, 14.72, 0, 14.45, 10.41, 14.98, 13.49, 14.56, 15.03, 10.17, 8.18, 14.45, 0, 12.22, 7.71, 8.06, 6.3, 5.12, 5.07, 6.64, 10.41, 12.22, 0, 9.69, 7.53, 14.38, 14.35, 11.23, 3.05, 14.98, 7.71, 9.69, 0, 2.88, 14, 12.2, 9.42, 1.81, 13.49, 8.06, 7.53, 2.88, 0, 14.15, 18.45, 12.81, 14.12, 14.56, 6.3, 14.38, 14, 14.15, 0, 0, 6.66, 8.74, 9.04, 10.17, 3.94, 11.04, 9.39, 12.48, 6.66, 0, 6.62, 4.72, 7.82, 3.9, 8.64, 7.24, 9.85, 8.74, 6.62, 0, 11.32, 6.3, 5.1, 2.35, 1.39, 10.86, 9.04, 4.72, 11.32, 0, 11.12, 8.01, 10.14, 9.13, 11.2, 10.17, 7.82, 6.3, 11.12, 0, 9.4, 5.93, 6.2, 4.85, 3.94, 3.9, 5.1, 8.01, 9.4, 0, 7.45, 5.79, 9.73, 11.04, 8.64, 2.35, 10.14, 5.93, 7.45, 0, 2.4, 10.77, 9.39, 7.24, 1.39, 9.13, 6.2, 5.79, 2.4, 0, 10.89, 12.48, 9.85, 10.86, 11.2, 4.85, 9.73, 10.77, 10.89, 0

Costs (same as Distance for all Modes: combustion, combustion+charging, electric, combustion+electric)
0, 288.47, 378.8, 391.93, 576.28, 170.58, 478.21, 406.78, 707.11, 288.47, 0, 286.76, 204.71, 339.01, 169.14, 374.45, 313.95, 426.86, 378.8, 286.76, 0, 490.74, 272.8, 221.2, 101.71, 30.08, 470.63, 391.93, 204.71, 490.74, 0, 481.71, 346.88, 574.41, 517.2, 485.4, 576.28, 339.01, 272.8, 481.71, 0, 407.19, 256.86, 268.61, 210.01, 170.58, 169.14, 221.2, 346.88, 407.19, 0, 322.9, 250.92, 551.45, 478.21, 374.45, 101.71, 574.41, 256.86, 322.9, 0, 72.11, 466.57, 406.78, 313.95, 30.08, 517.2, 268.61, 250.92, 72.11, 0, 471.67, 707.11, 426.86, 470.63, 485.4, 210.01, 551.45, 466.57, 471.67, 0, 0, 317.35, 416.68, 431.09, 633.93, 187.66, 526.02, 447.48, 777.81, 317.35, 0, 315.48, 225.17, 372.9, 186.01, 411.84, 345.29, 469.59, 416.68, 315.48, 0, 539.77, 300.08, 243.32, 111.87, 33.11, 517.66, 431.09, 225.17, 539.77, 0, 529.87, 381.59, 631.84, 568.92, 533.94, 633.93, 372.9, 300.08, 529.87, 0, 447.92, 282.59, 295.46, 231, 187.66, 186.01, 243.32, 381.59, 447.92, 0, 355.19, 275.99, 606.54, 526.02, 411.84, 111.87, 631.84, 282.59, 355.19, 0, 79.31, 513.26, 447.48, 345.29, 33.11, 568.92, 295.46, 275.99, 79.31, 0, 518.87, 777.81, 469.59, 517.66, 533.94, 231, 606.54, 513.26, 518.87, 0, 0, 57.7, 75.76, 78.38, 115.26, 34.12, 95.64, 81.36, 141.42, 57.7, 0, 57.36, 40.94, 67.8, 33.82, 74.88, 62.78, 85.38, 75.76, 57.36, 0, 98.14, 54.56, 44.24, 20.34, 6.02, 94.12, 78.38, 40.94, 98.14, 0, 96.34, 69.38, 114.88, 103.44, 97.08, 115.26, 67.8, 54.56, 96.34, 0, 81.44, 51.38, 53.72, 42, 34.12, 33.82, 44.24, 69.38, 81.44, 0, 64.58, 50.18, 110.28, 95.64, 74.88, 20.34, 114.88, 51.38, 64.58, 0, 14.42, 93.32, 81.36, 62.78, 6.02, 103.44, 53.72, 50.18, 14.42, 0, 94.34, 141.42, 85.38, 94.12, 97.08, 42, 110.28, 93.32, 94.34, 0, 0, 346.2, 454.56, 470.28, 691.56, 204.72, 573.84, 488.16, 848.52, 346.2, 0, 344.16, 245.64, 406.8, 202.92, 449.28, 376.68, 512.28, 454.56, 344.16, 0, 588.84, 327.36, 265.44, 122.04, 36.12, 564.72, 470.28, 245.64, 588.84, 0, 578.04, 416.28, 689.28, 620.64, 582.48, 691.56, 406.8, 327.36, 578.04, 0, 488.64, 308.28, 322.32, 252, 204.72, 202.92, 265.44, 416.28, 488.64, 0, 387.48, 301.08, 661.68, 573.84, 449.28, 122.04, 689.28, 308.28, 387.48, 0, 86.52, 559.92, 488.16, 376.68, 36.12, 620.64, 322.32, 301.08, 86.52, 0, 566.04, 848.52, 512.28, 564.72, 582.48, 252, 661.68, 559.92, 566.04, 0

Time Windows (Depot, 1, ..., N)
0, 480, 13, 43, 0, 480, 35, 65, 128, 158, 0, 480, 124, 154, 126, 156, 26, 56