Instance
HEVTSP 3 08 2 TW 0

Customers
8

Service Time (same as Distance for all Modes: combustion, combustion+charging, electric, combustion+electric) (Depot, 1, ..., N, Depot)
0, 4, 4, 5, 5, 5, 1, 2, 6, 0

Initial Charging
0

Max Charging (in Watt/h)
16800

Charging Rate (in Watt/h)
12000

Discharging Rate (in Watt/h)
48000

Coordinates (Used for GUI, not necessarily related to Distances, Time, Costs)
0, 0, 41480, 43260, 40340, 41550, 42280, 43270, 42800, 44880, 41860, 40800, 44580, 43130, 41980, 43760, 42110, 41970

Distances (Depot-Depot, Depot-1, Depot-..., Depot-N, 1-Depot, 1-1, ..., M-N)
0, 59933, 57911, 60497, 62017, 58454, 62029, 60640, 59454, 59933, 0, 2055, 800, 2090, 2489, 3103, 707, 1436, 57911, 2055, 0, 2593, 4140, 1695, 4525, 2752, 1819, 60497, 800, 2593, 0, 1692, 2505, 2304, 575, 1311, 62017, 2090, 4140, 1692, 0, 4187, 2496, 1388, 2991, 58454, 2489, 1695, 2505, 4187, 0, 3582, 2962, 1196, 62029, 3103, 4525, 2304, 2496, 3582, 0, 2675, 2729, 60640, 707, 2752, 575, 1388, 2962, 2675, 0, 1795, 59454, 1436, 1819, 1311, 2991, 1196, 2729, 1795, 0

Time (same as Distance for all Modes: combustion, combustion+charging, electric, combustion+electric)
0, 66.59, 64.35, 67.22, 68.91, 64.95, 68.92, 67.38, 66.06, 66.59, 0, 4.57, 2.53, 4.64, 5.53, 6.9, 2.23, 3.19, 64.35, 4.57, 0, 5.76, 9.2, 3.77, 10.06, 6.12, 4.04, 67.22, 2.53, 5.76, 0, 3.76, 5.57, 5.12, 1.82, 2.91, 68.91, 4.64, 9.2, 3.76, 0, 9.3, 5.55, 3.08, 6.65, 64.95, 5.53, 3.77, 5.57, 9.3, 0, 7.96, 6.58, 2.66, 68.92, 6.9, 10.06, 5.12, 5.55, 7.96, 0, 5.94, 6.06, 67.38, 2.23, 6.12, 1.82, 3.08, 6.58, 5.94, 0, 3.99, 66.06, 3.19, 4.04, 2.91, 6.65, 2.66, 6.06, 3.99, 0, 0, 70.51, 68.13, 71.17, 72.96, 68.77, 72.98, 71.34, 69.95, 70.51, 0, 4.93, 2.67, 5.02, 5.97, 7.45, 2.36, 3.45, 68.13, 4.93, 0, 6.22, 9.94, 4.07, 10.86, 6.6, 4.37, 71.17, 2.67, 6.22, 0, 4.06, 6.01, 5.53, 1.92, 3.15, 72.96, 5.02, 9.94, 4.06, 0, 10.05, 5.99, 3.33, 7.18, 68.77, 5.97, 4.07, 6.01, 10.05, 0, 8.6, 7.11, 2.87, 72.98, 7.45, 10.86, 5.53, 5.99, 8.6, 0, 6.42, 6.55, 71.34, 2.36, 6.6, 1.92, 3.33, 7.11, 6.42, 0, 4.31, 69.95, 3.45, 4.37, 3.15, 7.18, 2.87, 6.55, 4.31, 0, 0, 74.92, 72.39, 75.62, 77.52, 73.07, 77.54, 75.8, 74.32, 74.92, 0, 5.36, 2.82, 5.45, 6.49, 8.09, 2.5, 3.75, 72.39, 5.36, 0, 6.76, 10.8, 4.42, 11.8, 7.18, 4.75, 75.62, 2.82, 6.76, 0, 4.41, 6.53, 6.01, 2.03, 3.42, 77.52, 5.45, 10.8, 4.41, 0, 10.92, 6.51, 3.62, 7.8, 73.07, 6.49, 4.42, 6.53, 10.92, 0, 9.34, 7.73, 3.12, 77.54, 8.09, 11.8, 6.01, 6.51, 9.34, 0, 6.98, 7.12, 75.8, 2.5, 7.18, 2.03, 3.62, 7.73, 6.98, 0, 4.68, 74.32, 3.75, 4.75, 3.42, 7.8, 3.12, 7.12, 4.68, 0, 0, 63.09, 60.96, 63.68, 65.28, 61.53, 65.29, 63.83, 62.58, 63.09, 0, 4.25, 2.4, 4.32, 5.15, 6.42, 2.12, 2.97, 60.96, 4.25, 0, 5.36, 8.57, 3.51, 9.36, 5.69, 3.76, 63.68, 2.4, 5.36, 0, 3.5, 5.18, 4.77, 1.73, 2.71, 65.28, 4.32, 8.57, 3.5, 0, 8.66, 5.16, 2.87, 6.19, 61.53, 5.15, 3.51, 5.18, 8.66, 0, 7.41, 6.13, 2.47, 65.29, 6.42, 9.36, 4.77, 5.16, 7.41, 0, 5.53, 5.65, 63.83, 2.12, 5.69, 1.73, 2.87, 6.13, 5.53, 0, 3.71, 62.58, 2.97, 3.76, 2.71, 6.19, 2.47, 5.65, 3.71, 0

Costs (same as Distance for all Modes: combustion, combustion+charging, electric, combustion+electric)
0, 5993.34, 5791.13, 6049.7, 6201.66, 5845.43, 6202.88, 6064.04, 5945.36, 5993.34, 0, 205.52, 80.01, 208.97, 248.92, 310.27, 70.71, 143.56, 5791.13, 205.52, 0, 259.27, 414.01, 169.5, 452.48, 275.2, 181.91, 6049.7, 80.01, 259.27, 0, 169.19, 250.55, 230.43, 57.45, 131.11, 6201.66, 208.97, 414.01, 169.19, 0, 418.69, 249.62, 138.81, 299.07, 5845.43, 248.92, 169.5, 250.55, 418.69, 0, 358.15, 296.24, 119.64, 6202.88, 310.27, 452.48, 230.43, 249.62, 358.15, 0, 267.52, 272.88, 6064.04, 70.71, 275.2, 57.45, 138.81, 296.24, 267.52, 0, 179.47, 5945.36, 143.56, 181.91, 131.11, 299.07, 119.64, 272.88, 179.47, 0, 0, 6592.63, 6370.21, 6654.67, 6821.87, 6429.94, 6823.19, 6670.4, 6539.94, 6592.63, 0, 226.05, 88, 229.9, 273.79, 341.33, 77.77, 157.96, 6370.21, 226.05, 0, 285.23, 455.4, 186.45, 497.75, 302.72, 200.09, 6654.67, 88, 285.23, 0, 186.12, 275.55, 253.44, 63.25, 144.21, 6821.87, 229.9, 455.4, 186.12, 0, 460.57, 274.56, 152.68, 329.01, 6429.94, 273.79, 186.45, 275.55, 460.57, 0, 394.02, 325.82, 131.56, 6823.19, 341.33, 497.75, 253.44, 274.56, 394.02, 0, 294.25, 300.19, 6670.4, 77.77, 302.72, 63.25, 152.68, 325.82, 294.25, 0, 197.45, 6539.94, 157.96, 200.09, 144.21, 329.01, 131.56, 300.19, 197.45, 0, 0, 1198.66, 1158.22, 1209.94, 1240.34, 1169.08, 1240.58, 1212.8, 1189.08, 1198.66, 0, 41.1, 16, 41.8, 49.78, 62.06, 14.14, 28.72, 1158.22, 41.1, 0, 51.86, 82.8, 33.9, 90.5, 55.04, 36.38, 1209.94, 16, 51.86, 0, 33.84, 50.1, 46.08, 11.5, 26.22, 1240.34, 41.8, 82.8, 33.84, 0, 83.74, 49.92, 27.76, 59.82, 1169.08, 49.78, 33.9, 50.1, 83.74, 0, 71.64, 59.24, 23.92, 1240.58, 62.06, 90.5, 46.08, 49.92, 71.64, 0, 53.5, 54.58, 1212.8, 14.14, 55.04, 11.5, 27.76, 59.24, 53.5, 0, 35.9, 1189.08, 28.72, 36.38, 26.22, 59.82, 23.92, 54.58, 35.9, 0, 0, 7191.96, 6949.32, 7259.64, 7442.04, 7014.48, 7443.48, 7276.8, 7134.48, 7191.96, 0, 246.6, 96, 250.8, 298.68, 372.36, 84.84, 172.32, 6949.32, 246.6, 0, 311.16, 496.8, 203.4, 543, 330.24, 218.28, 7259.64, 96, 311.16, 0, 203.04, 300.6, 276.48, 69, 157.32, 7442.04, 250.8, 496.8, 203.04, 0, 502.44, 299.52, 166.56, 358.92, 7014.48, 298.68, 203.4, 300.6, 502.44, 0, 429.84, 355.44, 143.52, 7443.48, 372.36, 543, 276.48, 299.52, 429.84, 0, 321, 327.48, 7276.8, 84.84, 330.24, 69, 166.56, 355.44, 321, 0, 215.4, 7134.48, 172.32, 218.28, 157.32, 358.92, 143.52, 327.48, 215.4, 0

Time Windows (Depot, 1, ..., N)
0, 480, 0, 480, 0, 480, 0, 480, 0, 480, 0, 480, 0, 480, 0, 480, 0, 480