Instance
HEVTSP 2 08 1 TW 5

Customers
8

Service Time (same as Distance for all Modes: combustion, combustion+charging, electric, combustion+electric) (Depot, 1, ..., N, Depot)
0, 10, 2, 1, 3, 5, 3, 7, 3, 0

Initial Charging
0

Max Charging (in Watt/h)
16800

Charging Rate (in Watt/h)
12000

Discharging Rate (in Watt/h)
48000

Coordinates (Used for GUI, not necessarily related to Distances, Time, Costs)
0, 0, 20000, 20000, 21760, 24630, 23700, 21760, 22670, 22110, 21600, 21040, 24750, 24340, 21420, 22680, 25000, 25000

Distances (Depot-Depot, Depot-1, Depot-..., Depot-N, 1-Depot, 1-1, ..., M-N)
0, 28284, 32865, 32174, 31667, 30154, 34713, 31196, 35355, 28284, 0, 4953, 4097, 3403, 1908, 6434, 3033, 7071, 32865, 4953, 0, 3464, 2679, 3594, 3004, 1979, 3261, 32174, 4097, 3464, 0, 1088, 2220, 2785, 2459, 3491, 31667, 3403, 2679, 1088, 0, 1513, 3049, 1374, 3712, 30154, 1908, 3594, 2220, 1513, 0, 4562, 1650, 5219, 34713, 6434, 3004, 2785, 3049, 4562, 0, 3721, 706, 31196, 3033, 1979, 2459, 1374, 1650, 3721, 0, 4266, 35355, 7071, 3261, 3491, 3712, 5219, 706, 4266, 0

Time (same as Distance for all Modes: combustion, combustion+charging, electric, combustion+electric)
0, 32.02, 37.21, 36.42, 35.85, 34.14, 39.3, 35.32, 40.02, 32.02, 0, 11.89, 9.83, 8.17, 4.58, 12.87, 7.28, 14.14, 37.21, 11.89, 0, 8.31, 6.43, 8.63, 7.21, 4.75, 7.83, 36.42, 9.83, 8.31, 0, 2.61, 5.33, 6.68, 5.9, 8.38, 35.85, 8.17, 6.43, 2.61, 0, 3.63, 7.32, 3.3, 8.91, 34.14, 4.58, 8.63, 5.33, 3.63, 0, 10.95, 3.96, 10.44, 39.3, 12.87, 7.21, 6.68, 7.32, 10.95, 0, 8.93, 2.35, 35.32, 7.28, 4.75, 5.9, 3.3, 3.96, 8.93, 0, 10.24, 40.02, 14.14, 7.83, 8.38, 8.91, 10.44, 2.35, 10.24, 0, 0, 33.94, 39.44, 38.61, 38, 36.18, 41.66, 37.44, 42.43, 33.94, 0, 12.92, 10.69, 8.88, 4.98, 14.3, 7.91, 15.71, 39.44, 12.92, 0, 9.04, 6.99, 9.38, 7.84, 5.16, 8.51, 38.61, 10.69, 9.04, 0, 2.84, 5.79, 7.27, 6.41, 9.11, 38, 8.88, 6.99, 2.84, 0, 3.95, 7.95, 3.58, 9.68, 36.18, 4.98, 9.38, 5.79, 3.95, 0, 11.9, 4.3, 11.6, 41.66, 14.3, 7.84, 7.27, 7.95, 11.9, 0, 9.71, 2.49, 37.44, 7.91, 5.16, 6.41, 3.58, 4.3, 9.71, 0, 11.13, 42.43, 15.71, 8.51, 9.11, 9.68, 11.6, 2.49, 11.13, 0, 0, 36.11, 41.96, 41.07, 40.43, 38.49, 44.31, 39.82, 45.13, 36.11, 0, 14.15, 11.71, 9.72, 5.45, 16.09, 8.67, 17.68, 41.96, 14.15, 0, 9.9, 7.65, 10.27, 8.58, 5.65, 9.32, 41.07, 11.71, 9.9, 0, 3.11, 6.34, 7.96, 7.03, 9.97, 40.43, 9.72, 7.65, 3.11, 0, 4.32, 8.71, 3.93, 10.61, 38.49, 5.45, 10.27, 6.34, 4.32, 0, 13.03, 4.71, 13.05, 44.31, 16.09, 8.58, 7.96, 8.71, 13.03, 0, 10.63, 2.65, 39.82, 8.67, 5.65, 7.03, 3.93, 4.71, 10.63, 0, 12.19, 45.13, 17.68, 9.32, 9.97, 10.61, 13.05, 2.65, 12.19, 0, 0, 30.3, 35.21, 34.47, 33.93, 32.31, 37.19, 33.42, 37.88, 30.3, 0, 11.01, 9.1, 7.56, 4.24, 11.7, 6.74, 12.86, 35.21, 11.01, 0, 7.7, 5.95, 7.99, 6.68, 4.4, 7.25, 34.47, 9.1, 7.7, 0, 2.42, 4.93, 6.19, 5.46, 7.76, 33.93, 7.56, 5.95, 2.42, 0, 3.36, 6.78, 3.05, 8.25, 32.31, 4.24, 7.99, 4.93, 3.36, 0, 10.14, 3.67, 9.49, 37.19, 11.7, 6.68, 6.19, 6.78, 10.14, 0, 8.27, 2.23, 33.42, 6.74, 4.4, 5.46, 3.05, 3.67, 8.27, 0, 9.48, 37.88, 12.86, 7.25, 7.76, 8.25, 9.49, 2.23, 9.48, 0

Costs (same as Distance for all Modes: combustion, combustion+charging, electric, combustion+electric)
0, 2828.43, 3286.54, 3217.43, 3166.67, 3015.36, 3471.31, 3119.61, 3535.53, 2828.43, 0, 495.32, 409.73, 340.31, 190.83, 643.41, 303.3, 707.11, 3286.54, 495.32, 0, 346.42, 267.93, 359.36, 300.4, 197.94, 326.11, 3217.43, 409.73, 346.42, 0, 108.78, 222, 278.55, 245.86, 349.11, 3166.67, 340.31, 267.93, 108.78, 0, 151.32, 304.95, 137.38, 371.23, 3015.36, 190.83, 359.36, 222, 151.32, 0, 456.21, 164.98, 521.93, 3471.31, 643.41, 300.4, 278.55, 304.95, 456.21, 0, 372.08, 70.58, 3119.61, 303.3, 197.94, 245.86, 137.38, 164.98, 372.08, 0, 426.6, 3535.53, 707.11, 326.11, 349.11, 371.23, 521.93, 70.58, 426.6, 0, 0, 3111.24, 3615.15, 3539.14, 3483.37, 3316.94, 3818.43, 3431.56, 3889.05, 3111.24, 0, 544.83, 450.67, 374.33, 209.88, 707.74, 333.63, 777.81, 3615.15, 544.83, 0, 381.04, 294.69, 395.34, 330.44, 217.69, 358.71, 3539.14, 450.67, 381.04, 0, 119.68, 244.2, 306.35, 270.49, 384.01, 3483.37, 374.33, 294.69, 119.68, 0, 166.43, 335.39, 151.14, 408.32, 3316.94, 209.88, 395.34, 244.2, 166.43, 0, 501.82, 181.5, 574.09, 3818.43, 707.74, 330.44, 306.35, 335.39, 501.82, 0, 409.31, 77.66, 3431.56, 333.63, 217.69, 270.49, 151.14, 181.5, 409.31, 0, 469.26, 3889.05, 777.81, 358.71, 384.01, 408.32, 574.09, 77.66, 469.26, 0, 0, 565.68, 657.3, 643.48, 633.34, 603.08, 694.26, 623.92, 707.1, 565.68, 0, 99.06, 81.94, 68.06, 38.16, 128.68, 60.66, 141.42, 657.3, 99.06, 0, 69.28, 53.58, 71.88, 60.08, 39.58, 65.22, 643.48, 81.94, 69.28, 0, 21.76, 44.4, 55.7, 49.18, 69.82, 633.34, 68.06, 53.58, 21.76, 0, 30.26, 60.98, 27.48, 74.24, 603.08, 38.16, 71.88, 44.4, 30.26, 0, 91.24, 33, 104.38, 694.26, 128.68, 60.08, 55.7, 60.98, 91.24, 0, 74.42, 14.12, 623.92, 60.66, 39.58, 49.18, 27.48, 33, 74.42, 0, 85.32, 707.1, 141.42, 65.22, 69.82, 74.24, 104.38, 14.12, 85.32, 0, 0, 3394.08, 3943.8, 3860.88, 3800.04, 3618.48, 4165.56, 3743.52, 4242.6, 3394.08, 0, 594.36, 491.64, 408.36, 228.96, 772.08, 363.96, 848.52, 3943.8, 594.36, 0, 415.68, 321.48, 431.28, 360.48, 237.48, 391.32, 3860.88, 491.64, 415.68, 0, 130.56, 266.4, 334.2, 295.08, 418.92, 3800.04, 408.36, 321.48, 130.56, 0, 181.56, 365.88, 164.88, 445.44, 3618.48, 228.96, 431.28, 266.4, 181.56, 0, 547.44, 198, 626.28, 4165.56, 772.08, 360.48, 334.2, 365.88, 547.44, 0, 446.52, 84.72, 3743.52, 363.96, 237.48, 295.08, 164.88, 198, 446.52, 0, 511.92, 4242.6, 848.52, 391.32, 418.92, 445.44, 626.28, 84.72, 511.92, 0

Time Windows (Depot, 1, ..., N)
0, 480, 433, 463, 107, 137, 142, 172, 191, 221, 423, 453, 147, 177, 63, 93, 99, 129