Instance
HEVTSP 3 10 2 TW 3

Customers
10

Service Time (same as Distance for all Modes: combustion, combustion+charging, electric, combustion+electric) (Depot, 1, ..., N, Depot)
0, 4, 4, 5, 5, 5, 1, 2, 6, 1, 5, 0

Initial Charging
0

Max Charging (in Watt/h)
16800

Charging Rate (in Watt/h)
12000

Discharging Rate (in Watt/h)
48000

Coordinates (Used for GUI, not necessarily related to Distances, Time, Costs)
0, 0, 41480, 43260, 40340, 41550, 42280, 43270, 42800, 44880, 41860, 40800, 44580, 43130, 41980, 43760, 42110, 41970, 41690, 42280, 42740, 43190

Distances (Depot-Depot, Depot-1, Depot-..., Depot-N, 1-Depot, 1-1, ..., M-N)
0, 59933, 57911, 60497, 62017, 58454, 62029, 60640, 59454, 59377, 60763, 59933, 0, 2055, 800, 2090, 2489, 3103, 707, 1436, 1002, 1262, 57911, 2055, 0, 2593, 4140, 1695, 4525, 2752, 1819, 1535, 2907, 60497, 800, 2593, 0, 1692, 2505, 2304, 575, 1311, 1152, 467, 62017, 2090, 4140, 1692, 0, 4187, 2496, 1388, 2991, 2827, 1691, 58454, 2489, 1695, 2505, 4187, 0, 3582, 2962, 1196, 1490, 2547, 62029, 3103, 4525, 2304, 2496, 3582, 0, 2675, 2729, 3012, 1841, 60640, 707, 2752, 575, 1388, 2962, 2675, 0, 1795, 1508, 950, 59454, 1436, 1819, 1311, 2991, 1196, 2729, 1795, 0, 522, 1373, 59377, 1002, 1535, 1152, 2827, 1490, 3012, 1508, 522, 0, 1389, 60763, 1262, 2907, 467, 1691, 2547, 1841, 950, 1373, 1389, 0

Time (same as Distance for all Modes: combustion, combustion+charging, electric, combustion+electric)
0, 66.59, 64.35, 67.22, 68.91, 64.95, 68.92, 67.38, 66.06, 65.97, 67.51, 66.59, 0, 4.57, 2.53, 4.64, 5.53, 6.9, 2.23, 3.19, 2.23, 2.8, 64.35, 4.57, 0, 5.76, 9.2, 3.77, 10.06, 6.12, 4.04, 3.41, 6.46, 67.22, 2.53, 5.76, 0, 3.76, 5.57, 5.12, 1.82, 2.91, 2.56, 2, 68.91, 4.64, 9.2, 3.76, 0, 9.3, 5.55, 3.08, 6.65, 6.28, 3.76, 64.95, 5.53, 3.77, 5.57, 9.3, 0, 7.96, 6.58, 2.66, 3.31, 5.66, 68.92, 6.9, 10.06, 5.12, 5.55, 7.96, 0, 5.94, 6.06, 6.69, 4.09, 67.38, 2.23, 6.12, 1.82, 3.08, 6.58, 5.94, 0, 3.99, 3.35, 3, 66.06, 3.19, 4.04, 2.91, 6.65, 2.66, 6.06, 3.99, 0, 1.65, 3.05, 65.97, 2.23, 3.41, 2.56, 6.28, 3.31, 6.69, 3.35, 1.65, 0, 3.09, 67.51, 2.8, 6.46, 2, 3.76, 5.66, 4.09, 3, 3.05, 3.09, 0, 0, 70.51, 68.13, 71.17, 72.96, 68.77, 72.98, 71.34, 69.95, 69.86, 71.49, 70.51, 0, 4.93, 2.67, 5.02, 5.97, 7.45, 2.36, 3.45, 2.4, 3.03, 68.13, 4.93, 0, 6.22, 9.94, 4.07, 10.86, 6.6, 4.37, 3.68, 6.98, 71.17, 2.67, 6.22, 0, 4.06, 6.01, 5.53, 1.92, 3.15, 2.76, 2.16, 72.96, 5.02, 9.94, 4.06, 0, 10.05, 5.99, 3.33, 7.18, 6.78, 4.06, 68.77, 5.97, 4.07, 6.01, 10.05, 0, 8.6, 7.11, 2.87, 3.58, 6.11, 72.98, 7.45, 10.86, 5.53, 5.99, 8.6, 0, 6.42, 6.55, 7.23, 4.42, 71.34, 2.36, 6.6, 1.92, 3.33, 7.11, 6.42, 0, 4.31, 3.62, 3.17, 69.95, 3.45, 4.37, 3.15, 7.18, 2.87, 6.55, 4.31, 0, 1.74, 3.3, 69.86, 2.4, 3.68, 2.76, 6.78, 3.58, 7.23, 3.62, 1.74, 0, 3.33, 71.49, 3.03, 6.98, 2.16, 4.06, 6.11, 4.42, 3.17, 3.3, 3.33, 0, 0, 74.92, 72.39, 75.62, 77.52, 73.07, 77.54, 75.8, 74.32, 74.22, 75.95, 74.92, 0, 5.36, 2.82, 5.45, 6.49, 8.09, 2.5, 3.75, 2.61, 3.29, 72.39, 5.36, 0, 6.76, 10.8, 4.42, 11.8, 7.18, 4.75, 4, 7.58, 75.62, 2.82, 6.76, 0, 4.41, 6.53, 6.01, 2.03, 3.42, 3.01, 2.34, 77.52, 5.45, 10.8, 4.41, 0, 10.92, 6.51, 3.62, 7.8, 7.37, 4.41, 73.07, 6.49, 4.42, 6.53, 10.92, 0, 9.34, 7.73, 3.12, 3.89, 6.64, 77.54, 8.09, 11.8, 6.01, 6.51, 9.34, 0, 6.98, 7.12, 7.86, 4.8, 75.8, 2.5, 7.18, 2.03, 3.62, 7.73, 6.98, 0, 4.68, 3.93, 3.35, 74.32, 3.75, 4.75, 3.42, 7.8, 3.12, 7.12, 4.68, 0, 1.84, 3.58, 74.22, 2.61, 4, 3.01, 7.37, 3.89, 7.86, 3.93, 1.84, 0, 3.62, 75.95, 3.29, 7.58, 2.34, 4.41, 6.64, 4.8, 3.35, 3.58, 3.62, 0, 0, 63.09, 60.96, 63.68, 65.28, 61.53, 65.29, 63.83, 62.58, 62.5, 63.96, 63.09, 0, 4.25, 2.4, 4.32, 5.15, 6.42, 2.12, 2.97, 2.07, 2.61, 60.96, 4.25, 0, 5.36, 8.57, 3.51, 9.36, 5.69, 3.76, 3.18, 6.01, 63.68, 2.4, 5.36, 0, 3.5, 5.18, 4.77, 1.73, 2.71, 2.38, 1.87, 65.28, 4.32, 8.57, 3.5, 0, 8.66, 5.16, 2.87, 6.19, 5.85, 3.5, 61.53, 5.15, 3.51, 5.18, 8.66, 0, 7.41, 6.13, 2.47, 3.08, 5.27, 65.29, 6.42, 9.36, 4.77, 5.16, 7.41, 0, 5.53, 5.65, 6.23, 3.81, 63.83, 2.12, 5.69, 1.73, 2.87, 6.13, 5.53, 0, 3.71, 3.12, 2.85, 62.58, 2.97, 3.76, 2.71, 6.19, 2.47, 5.65, 3.71, 0, 1.57, 2.84, 62.5, 2.07, 3.18, 2.38, 5.85, 3.08, 6.23, 3.12, 1.57, 0, 2.87, 63.96, 2.61, 6.01, 1.87, 3.5, 5.27, 3.81, 2.85, 2.84, 2.87, 0

Costs (same as Distance for all Modes: combustion, combustion+charging, electric, combustion+electric)
0, 5993.34, 5791.13, 6049.7, 6201.66, 5845.43, 6202.88, 6064.04, 5945.36, 5937.72, 6076.25, 5993.34, 0, 205.52, 80.01, 208.97, 248.92, 310.27, 70.71, 143.56, 100.22, 126.19, 5791.13, 205.52, 0, 259.27, 414.01, 169.5, 452.48, 275.2, 181.91, 153.47, 290.68, 6049.7, 80.01, 259.27, 0, 169.19, 250.55, 230.43, 57.45, 131.11, 115.25, 46.69, 6201.66, 208.97, 414.01, 169.19, 0, 418.69, 249.62, 138.81, 299.07, 282.7, 169.11, 5845.43, 248.92, 169.5, 250.55, 418.69, 0, 358.15, 296.24, 119.64, 148.97, 254.69, 6202.88, 310.27, 452.48, 230.43, 249.62, 358.15, 0, 267.52, 272.88, 301.24, 184.1, 6064.04, 70.71, 275.2, 57.45, 138.81, 296.24, 267.52, 0, 179.47, 150.81, 95, 5945.36, 143.56, 181.91, 131.11, 299.07, 119.64, 272.88, 179.47, 0, 52.2, 137.31, 5937.72, 100.22, 153.47, 115.25, 282.7, 148.97, 301.24, 150.81, 52.2, 0, 138.95, 6076.25, 126.19, 290.68, 46.69, 169.11, 254.69, 184.1, 95, 137.31, 138.95, 0, 0, 6592.63, 6370.21, 6654.67, 6821.87, 6429.94, 6823.19, 6670.4, 6539.94, 6531.47, 6683.93, 6592.63, 0, 226.05, 88, 229.9, 273.79, 341.33, 77.77, 157.96, 110.22, 138.82, 6370.21, 226.05, 0, 285.23, 455.4, 186.45, 497.75, 302.72, 200.09, 168.85, 319.77, 6654.67, 88, 285.23, 0, 186.12, 275.55, 253.44, 63.25, 144.21, 126.72, 51.37, 6821.87, 229.9, 455.4, 186.12, 0, 460.57, 274.56, 152.68, 329.01, 310.97, 186.01, 6429.94, 273.79, 186.45, 275.55, 460.57, 0, 394.02, 325.82, 131.56, 163.9, 280.17, 6823.19, 341.33, 497.75, 253.44, 274.56, 394.02, 0, 294.25, 300.19, 331.32, 202.51, 6670.4, 77.77, 302.72, 63.25, 152.68, 325.82, 294.25, 0, 197.45, 165.88, 104.5, 6539.94, 157.96, 200.09, 144.21, 329.01, 131.56, 300.19, 197.45, 0, 57.42, 151.03, 6531.47, 110.22, 168.85, 126.72, 310.97, 163.9, 331.32, 165.88, 57.42, 0, 152.79, 6683.93, 138.82, 319.77, 51.37, 186.01, 280.17, 202.51, 104.5, 151.03, 152.79, 0, 0, 1198.66, 1158.22, 1209.94, 1240.34, 1169.08, 1240.58, 1212.8, 1189.08, 1187.54, 1215.26, 1198.66, 0, 41.1, 16, 41.8, 49.78, 62.06, 14.14, 28.72, 20.04, 25.24, 1158.22, 41.1, 0, 51.86, 82.8, 33.9, 90.5, 55.04, 36.38, 30.7, 58.14, 1209.94, 16, 51.86, 0, 33.84, 50.1, 46.08, 11.5, 26.22, 23.04, 9.34, 1240.34, 41.8, 82.8, 33.84, 0, 83.74, 49.92, 27.76, 59.82, 56.54, 33.82, 1169.08, 49.78, 33.9, 50.1, 83.74, 0, 71.64, 59.24, 23.92, 29.8, 50.94, 1240.58, 62.06, 90.5, 46.08, 49.92, 71.64, 0, 53.5, 54.58, 60.24, 36.82, 1212.8, 14.14, 55.04, 11.5, 27.76, 59.24, 53.5, 0, 35.9, 30.16, 19, 1189.08, 28.72, 36.38, 26.22, 59.82, 23.92, 54.58, 35.9, 0, 10.44, 27.46, 1187.54, 20.04, 30.7, 23.04, 56.54, 29.8, 60.24, 30.16, 10.44, 0, 27.78, 1215.26, 25.24, 58.14, 9.34, 33.82, 50.94, 36.82, 19, 27.46, 27.78, 0, 0, 7191.96, 6949.32, 7259.64, 7442.04, 7014.48, 7443.48, 7276.8, 7134.48, 7125.24, 7291.56, 7191.96, 0, 246.6, 96, 250.8, 298.68, 372.36, 84.84, 172.32, 120.24, 151.44, 6949.32, 246.6, 0, 311.16, 496.8, 203.4, 543, 330.24, 218.28, 184.2, 348.84, 7259.64, 96, 311.16, 0, 203.04, 300.6, 276.48, 69, 157.32, 138.24, 56.04, 7442.04, 250.8, 496.8, 203.04, 0, 502.44, 299.52, 166.56, 358.92, 339.24, 202.92, 7014.48, 298.68, 203.4, 300.6, 502.44, 0, 429.84, 355.44, 143.52, 178.8, 305.64, 7443.48, 372.36, 543, 276.48, 299.52, 429.84, 0, 321, 327.48, 361.44, 220.92, 7276.8, 84.84, 330.24, 69, 166.56, 355.44, 321, 0, 215.4, 180.96, 114, 7134.48, 172.32, 218.28, 157.32, 358.92, 143.52, 327.48, 215.4, 0, 62.64, 164.76, 7125.24, 120.24, 184.2, 138.24, 339.24, 178.8, 361.44, 180.96, 62.64, 0, 166.68, 7291.56, 151.44, 348.84, 56.04, 202.92, 305.64, 220.92, 114, 164.76, 166.68, 0

Time Windows (Depot, 1, ..., N)
0, 480, 394, 424, 403, 433, 0, 480, 0, 480, 0, 480, 0, 480, 0, 480, 0, 480, 0, 480, 0, 480