Instance
HEVTSP 2 08 3 TW 1

Customers
8

Service Time (same as Distance for all Modes: combustion, combustion+charging, electric, combustion+electric) (Depot, 1, ..., N, Depot)
0, 9, 8, 5, 3, 2, 7, 3, 1, 0

Initial Charging
0

Max Charging (in Watt/h)
16800

Charging Rate (in Watt/h)
12000

Discharging Rate (in Watt/h)
48000

Coordinates (Used for GUI, not necessarily related to Distances, Time, Costs)
0, 0, 24020, 24910, 20450, 23400, 24660, 20510, 21370, 20600, 20150, 23500, 24960, 22320, 21150, 22950, 20120, 20420

Distances (Depot-Depot, Depot-1, Depot-..., Depot-N, 1-Depot, 1-1, ..., M-N)
0, 34604, 31077, 32075, 29682, 30956, 33484, 31209, 28667, 34604, 0, 3876, 4446, 5060, 4119, 2755, 3475, 5947, 31077, 3876, 0, 5106, 2947, 316, 4638, 832, 2998, 32075, 4446, 5106, 0, 3291, 5411, 1835, 4275, 4541, 29682, 5060, 2947, 3291, 0, 3146, 3981, 2360, 1263, 30956, 4119, 316, 5411, 3146, 0, 4953, 1141, 3080, 33484, 2755, 4638, 1835, 3981, 4953, 0, 3862, 5200, 31209, 3475, 832, 4275, 2360, 1141, 3862, 0, 2732, 28667, 5947, 2998, 4541, 1263, 3080, 5200, 2732, 0

Time (same as Distance for all Modes: combustion, combustion+charging, electric, combustion+electric)
0, 39.17, 35.18, 36.31, 33.6, 35.04, 37.91, 35.33, 32.45, 39.17, 0, 9.3, 10.67, 10.12, 9.89, 6.61, 8.34, 11.89, 35.18, 9.3, 0, 10.21, 7.07, 1.46, 11.13, 2.77, 7.2, 36.31, 10.67, 10.21, 0, 7.9, 10.82, 4.4, 10.26, 10.9, 33.6, 10.12, 7.07, 7.9, 0, 7.55, 9.55, 5.66, 3.03, 35.04, 9.89, 1.46, 10.82, 7.55, 0, 11.89, 2.74, 7.39, 37.91, 6.61, 11.13, 4.4, 9.55, 11.89, 0, 9.27, 10.4, 35.33, 8.34, 2.77, 10.26, 5.66, 2.74, 9.27, 0, 6.56, 32.45, 11.89, 7.2, 10.9, 3.03, 7.39, 10.4, 6.56, 0, 0, 41.52, 37.29, 38.49, 35.62, 37.15, 40.18, 37.45, 34.4, 41.52, 0, 10.11, 11.6, 11.24, 10.75, 7.19, 9.07, 13.22, 37.29, 10.11, 0, 11.35, 7.69, 1.58, 12.1, 2.94, 7.82, 38.49, 11.6, 11.35, 0, 8.59, 12.02, 4.79, 11.15, 11.85, 35.62, 11.24, 7.69, 8.59, 0, 8.21, 10.39, 6.16, 3.29, 37.15, 10.75, 1.58, 12.02, 8.21, 0, 12.92, 2.98, 8.03, 40.18, 7.19, 12.1, 4.79, 10.39, 12.92, 0, 10.07, 11.56, 37.45, 9.07, 2.94, 11.15, 6.16, 2.98, 10.07, 0, 7.13, 34.4, 13.22, 7.82, 11.85, 3.29, 8.03, 11.56, 7.13, 0, 0, 44.18, 39.67, 40.95, 37.89, 39.52, 42.75, 39.84, 36.6, 44.18, 0, 11.07, 12.7, 12.65, 11.77, 7.87, 9.93, 14.87, 39.67, 11.07, 0, 12.77, 8.42, 1.72, 13.25, 3.12, 8.57, 40.95, 12.7, 12.77, 0, 9.4, 13.53, 5.24, 12.21, 12.97, 37.89, 12.65, 8.42, 9.4, 0, 8.99, 11.37, 6.74, 3.61, 39.52, 11.77, 1.72, 13.53, 8.99, 0, 14.15, 3.26, 8.8, 42.75, 7.87, 13.25, 5.24, 11.37, 14.15, 0, 11.03, 13, 39.84, 9.93, 3.12, 12.21, 6.74, 3.26, 11.03, 0, 7.81, 36.6, 14.87, 8.57, 12.97, 3.61, 8.8, 13, 7.81, 0, 0, 37.08, 33.3, 34.37, 31.8, 33.17, 35.88, 33.44, 30.71, 37.08, 0, 8.61, 9.88, 9.2, 9.15, 6.12, 7.72, 10.81, 33.3, 8.61, 0, 9.28, 6.55, 1.35, 10.31, 2.63, 6.66, 34.37, 9.88, 9.28, 0, 7.31, 9.84, 4.08, 9.5, 10.09, 31.8, 9.2, 6.55, 7.31, 0, 6.99, 8.85, 5.24, 2.81, 33.17, 9.15, 1.35, 9.84, 6.99, 0, 11.01, 2.54, 6.84, 35.88, 6.12, 10.31, 4.08, 8.85, 11.01, 0, 8.58, 9.45, 33.44, 7.72, 2.63, 9.5, 5.24, 2.54, 8.58, 0, 6.07, 30.71, 10.81, 6.66, 10.09, 2.81, 6.84, 9.45, 6.07, 0

Costs (same as Distance for all Modes: combustion, combustion+charging, electric, combustion+electric)
0, 3460.45, 3107.67, 3207.45, 2968.23, 3095.6, 3348.41, 3120.94, 2866.69, 3460.45, 0, 387.62, 444.63, 505.95, 411.89, 275.53, 347.54, 594.73, 3107.67, 387.62, 0, 510.65, 294.73, 31.62, 463.75, 83.22, 299.82, 3207.45, 444.63, 510.65, 0, 329.12, 541.11, 183.47, 427.48, 454.09, 2968.23, 505.95, 294.73, 329.12, 0, 314.62, 398.08, 236.03, 126.29, 3095.6, 411.89, 31.62, 541.11, 314.62, 0, 495.26, 114.13, 308.01, 3348.41, 275.53, 463.75, 183.47, 398.08, 495.26, 0, 386.17, 519.96, 3120.94, 347.54, 83.22, 427.48, 236.03, 114.13, 386.17, 0, 273.16, 2866.69, 594.73, 299.82, 454.09, 126.29, 308.01, 519.96, 273.16, 0, 0, 3806.44, 3418.47, 3528.25, 3265.02, 3405.16, 3683.24, 3432.99, 3153.37, 3806.44, 0, 426.36, 489.06, 556.6, 453.09, 303.05, 382.25, 654.17, 3418.47, 426.36, 0, 561.66, 324.17, 34.76, 510.18, 91.52, 329.78, 3528.25, 489.06, 561.66, 0, 362.01, 595.21, 201.85, 470.25, 499.51, 3265.02, 556.6, 324.17, 362.01, 0, 346.06, 437.91, 259.6, 138.93, 3405.16, 453.09, 34.76, 595.21, 346.06, 0, 544.83, 125.51, 338.8, 3683.24, 303.05, 510.18, 201.85, 437.91, 544.83, 0, 424.82, 572, 3432.99, 382.25, 91.52, 470.25, 259.6, 125.51, 424.82, 0, 300.52, 3153.37, 654.17, 329.78, 499.51, 138.93, 338.8, 572, 300.52, 0, 0, 692.08, 621.54, 641.5, 593.64, 619.12, 669.68, 624.18, 573.34, 692.08, 0, 77.52, 88.92, 101.2, 82.38, 55.1, 69.5, 118.94, 621.54, 77.52, 0, 102.12, 58.94, 6.32, 92.76, 16.64, 59.96, 641.5, 88.92, 102.12, 0, 65.82, 108.22, 36.7, 85.5, 90.82, 593.64, 101.2, 58.94, 65.82, 0, 62.92, 79.62, 47.2, 25.26, 619.12, 82.38, 6.32, 108.22, 62.92, 0, 99.06, 22.82, 61.6, 669.68, 55.1, 92.76, 36.7, 79.62, 99.06, 0, 77.24, 104, 624.18, 69.5, 16.64, 85.5, 47.2, 22.82, 77.24, 0, 54.64, 573.34, 118.94, 59.96, 90.82, 25.26, 61.6, 104, 54.64, 0, 0, 4152.48, 3729.24, 3849, 3561.84, 3714.72, 4018.08, 3745.08, 3440.04, 4152.48, 0, 465.12, 533.52, 607.2, 494.28, 330.6, 417, 713.64, 3729.24, 465.12, 0, 612.72, 353.64, 37.92, 556.56, 99.84, 359.76, 3849, 533.52, 612.72, 0, 394.92, 649.32, 220.2, 513, 544.92, 3561.84, 607.2, 353.64, 394.92, 0, 377.52, 477.72, 283.2, 151.56, 3714.72, 494.28, 37.92, 649.32, 377.52, 0, 594.36, 136.92, 369.6, 4018.08, 330.6, 556.56, 220.2, 477.72, 594.36, 0, 463.44, 624, 3745.08, 417, 99.84, 513, 283.2, 136.92, 463.44, 0, 327.84, 3440.04, 713.64, 359.76, 544.92, 151.56, 369.6, 624, 327.84, 0

Time Windows (Depot, 1, ..., N)
0, 480, 0, 480, 47, 77, 112, 142, 0, 480, 0, 480, 0, 480, 0, 480, 0, 480