Instance
HEVTSP 3 08 3 TW 0

Customers
8

Service Time (same as Distance for all Modes: combustion, combustion+charging, electric, combustion+electric) (Depot, 1, ..., N, Depot)
0, 3, 2, 1, 3, 1, 1, 2, 5, 0

Initial Charging
0

Max Charging (in Watt/h)
16800

Charging Rate (in Watt/h)
12000

Discharging Rate (in Watt/h)
48000

Coordinates (Used for GUI, not necessarily related to Distances, Time, Costs)
0, 0, 42820, 43040, 41400, 41600, 44220, 43770, 43680, 42540, 41480, 44910, 42480, 44580, 43230, 44080, 41590, 43600

Distances (Depot-Depot, Depot-1, Depot-..., Depot-N, 1-Depot, 1-1, ..., M-N)
0, 60712, 58690, 62219, 60972, 61135, 61579, 61740, 60255, 60712, 0, 2022, 1579, 995, 2301, 1577, 1118, 1351, 58690, 2022, 0, 3558, 2466, 3311, 3170, 3082, 2009, 62219, 1579, 3558, 0, 1343, 2968, 1919, 1037, 2635, 60972, 995, 2466, 1343, 0, 3234, 2367, 1604, 2343, 61135, 2301, 3311, 2968, 3234, 0, 1053, 1937, 1315, 61579, 1577, 3170, 1919, 2367, 1053, 0, 901, 1324, 61740, 1118, 3082, 1037, 1604, 1937, 901, 0, 1709, 60255, 1351, 2009, 2635, 2343, 1315, 1324, 1709, 0

Time (same as Distance for all Modes: combustion, combustion+charging, electric, combustion+electric)
0, 67.46, 65.21, 69.13, 67.75, 67.93, 68.42, 68.6, 66.95, 67.46, 0, 4.49, 3.51, 3.14, 5.11, 3.5, 2.48, 3, 65.21, 4.49, 0, 7.91, 5.48, 7.36, 7.04, 6.85, 4.46, 69.13, 3.51, 7.91, 0, 2.98, 6.6, 4.26, 2.3, 5.86, 67.75, 3.14, 5.48, 2.98, 0, 7.19, 5.26, 3.56, 5.21, 67.93, 5.11, 7.36, 6.6, 7.19, 0, 2.34, 4.3, 2.92, 68.42, 3.5, 7.04, 4.26, 5.26, 2.34, 0, 2.85, 2.94, 68.6, 2.48, 6.85, 2.3, 3.56, 4.3, 2.85, 0, 3.8, 66.95, 3, 4.46, 5.86, 5.21, 2.92, 2.94, 3.8, 0, 0, 71.43, 69.05, 73.2, 71.73, 71.92, 72.45, 72.64, 70.89, 71.43, 0, 4.85, 3.79, 3.32, 5.52, 3.78, 2.68, 3.24, 69.05, 4.85, 0, 8.54, 5.92, 7.95, 7.61, 7.4, 4.82, 73.2, 3.79, 8.54, 0, 3.22, 7.12, 4.61, 2.49, 6.32, 71.73, 3.32, 5.92, 3.22, 0, 7.76, 5.68, 3.85, 5.62, 71.92, 5.52, 7.95, 7.12, 7.76, 0, 2.53, 4.65, 3.16, 72.45, 3.78, 7.61, 4.61, 5.68, 2.53, 0, 3, 3.18, 72.64, 2.68, 7.4, 2.49, 3.85, 4.65, 3, 0, 4.1, 70.89, 3.24, 4.82, 6.32, 5.62, 3.16, 3.18, 4.1, 0, 0, 75.89, 73.36, 77.77, 76.22, 76.42, 76.97, 77.18, 75.32, 75.89, 0, 5.27, 4.12, 3.51, 6, 4.11, 2.92, 3.52, 73.36, 5.27, 0, 9.28, 6.43, 8.64, 8.27, 8.04, 5.24, 77.77, 4.12, 9.28, 0, 3.5, 7.74, 5.01, 2.71, 6.87, 76.22, 3.51, 6.43, 3.5, 0, 8.44, 6.17, 4.18, 6.11, 76.42, 6, 8.64, 7.74, 8.44, 0, 2.75, 5.05, 3.43, 76.97, 4.11, 8.27, 5.01, 6.17, 2.75, 0, 3.18, 3.45, 77.18, 2.92, 8.04, 2.71, 4.18, 5.05, 3.18, 0, 4.46, 75.32, 3.52, 5.24, 6.87, 6.11, 3.43, 3.45, 4.46, 0, 0, 63.91, 61.78, 65.49, 64.18, 64.35, 64.82, 64.99, 63.43, 63.91, 0, 4.18, 3.27, 2.99, 4.76, 3.26, 2.31, 2.8, 61.78, 4.18, 0, 7.36, 5.1, 6.85, 6.56, 6.38, 4.16, 65.49, 3.27, 7.36, 0, 2.78, 6.14, 3.97, 2.15, 5.45, 64.18, 2.99, 5.1, 2.78, 0, 6.69, 4.9, 3.32, 4.85, 64.35, 4.76, 6.85, 6.14, 6.69, 0, 2.18, 4.01, 2.72, 64.82, 3.26, 6.56, 3.97, 4.9, 2.18, 0, 2.7, 2.74, 64.99, 2.31, 6.38, 2.15, 3.32, 4.01, 2.7, 0, 3.54, 63.43, 2.8, 4.16, 5.45, 4.85, 2.72, 2.74, 3.54, 0

Costs (same as Distance for all Modes: combustion, combustion+charging, electric, combustion+electric)
0, 6071.24, 5869, 6221.91, 6097.21, 6113.51, 6157.86, 6174.04, 6025.52, 6071.24, 0, 202.24, 157.89, 99.48, 230.05, 157.71, 111.79, 135.15, 5869, 202.24, 0, 355.83, 246.62, 331.1, 316.97, 308.21, 200.9, 6221.91, 157.89, 355.83, 0, 134.33, 296.77, 191.93, 103.74, 263.55, 6097.21, 99.48, 246.62, 134.33, 0, 323.37, 236.68, 160.44, 234.34, 6113.51, 230.05, 331.1, 296.77, 323.37, 0, 105.3, 193.69, 131.46, 6157.86, 157.71, 316.97, 191.93, 236.68, 105.3, 0, 90.14, 132.38, 6174.04, 111.79, 308.21, 103.74, 160.44, 193.69, 90.14, 0, 170.88, 6025.52, 135.15, 200.9, 263.55, 234.34, 131.46, 132.38, 170.88, 0, 0, 6678.32, 6455.9, 6844.09, 6706.92, 6724.85, 6773.69, 6791.4, 6628.05, 6678.32, 0, 222.42, 173.69, 109.45, 253.11, 173.47, 122.98, 148.61, 6455.9, 222.42, 0, 391.38, 271.26, 364.21, 348.7, 339.02, 220.99, 6844.09, 173.69, 391.38, 0, 147.73, 326.48, 211.09, 114.07, 289.85, 6706.92, 109.45, 271.26, 147.73, 0, 355.74, 260.37, 176.44, 257.73, 6724.85, 253.11, 364.21, 326.48, 355.74, 0, 115.83, 213.07, 144.65, 6773.69, 173.47, 348.7, 211.09, 260.37, 115.83, 0, 99.11, 145.64, 6791.4, 122.98, 339.02, 114.07, 176.44, 213.07, 99.11, 0, 187.99, 6628.05, 148.61, 220.99, 289.85, 257.73, 144.65, 145.64, 187.99, 0, 0, 1214.24, 1173.8, 1244.38, 1219.44, 1222.7, 1231.58, 1234.8, 1205.1, 1214.24, 0, 40.44, 31.58, 19.9, 46.02, 31.54, 22.36, 27.02, 1173.8, 40.44, 0, 71.16, 49.32, 66.22, 63.4, 61.64, 40.18, 1244.38, 31.58, 71.16, 0, 26.86, 59.36, 38.38, 20.74, 52.7, 1219.44, 19.9, 49.32, 26.86, 0, 64.68, 47.34, 32.08, 46.86, 1222.7, 46.02, 66.22, 59.36, 64.68, 0, 21.06, 38.74, 26.3, 1231.58, 31.54, 63.4, 38.38, 47.34, 21.06, 0, 18.02, 26.48, 1234.8, 22.36, 61.64, 20.74, 32.08, 38.74, 18.02, 0, 34.18, 1205.1, 27.02, 40.18, 52.7, 46.86, 26.3, 26.48, 34.18, 0, 0, 7285.44, 7042.8, 7466.28, 7316.64, 7336.2, 7389.48, 7408.8, 7230.6, 7285.44, 0, 242.64, 189.48, 119.4, 276.12, 189.24, 134.16, 162.12, 7042.8, 242.64, 0, 426.96, 295.92, 397.32, 380.4, 369.84, 241.08, 7466.28, 189.48, 426.96, 0, 161.16, 356.16, 230.28, 124.44, 316.2, 7316.64, 119.4, 295.92, 161.16, 0, 388.08, 284.04, 192.48, 281.16, 7336.2, 276.12, 397.32, 356.16, 388.08, 0, 126.36, 232.44, 157.8, 7389.48, 189.24, 380.4, 230.28, 284.04, 126.36, 0, 108.12, 158.88, 7408.8, 134.16, 369.84, 124.44, 192.48, 232.44, 108.12, 0, 205.08, 7230.6, 162.12, 241.08, 316.2, 281.16, 157.8, 158.88, 205.08, 0

Time Windows (Depot, 1, ..., N)
0, 480, 0, 480, 0, 480, 0, 480, 0, 480, 0, 480, 0, 480, 0, 480, 0, 480