

Instance: HEVTSP_1_50_1_TW_0
Method: SA
Sol: 27 38 36 8 5 23 35 31 34 14 37 50 3 26 19 18 4 40 9 17 45 24 46 16 21 12 15 6 2 49 11 41 13 47 28 22 7 48 10 25 33 43 39 29 20 30 1 44 42 32 1 1 3 2 2 1 3 2 2 2 2 2 3 1 2 1 2 2 2 2 2 2 2 2 1 2 1 2 2 2 2 2 2 2 1 2 2 2 1 1 2 2 2 1 2 2 2 2 1 2 3 
fo: 3117.55
Best time: 98.458
Total time:250.006 


Instance: HEVTSP_1_50_1_TW_1
Method: SA
Sol: 42 10 44 48 3 8 14 4 1 7 22 43 26 29 31 18 33 49 20 28 47 16 2 32 27 39 38 25 37 5 46 12 30 9 36 41 35 24 50 13 11 40 34 17 19 15 23 21 45 6 1 2 3 2 2 2 2 2 3 2 2 1 2 2 2 2 2 1 1 1 2 1 1 1 2 2 2 2 2 2 2 2 2 2 3 2 2 2 1 2 2 1 2 1 2 2 2 1 1 3 3 
fo: 3089.41
Best time: 111.779
Total time:250.004 


Instance: HEVTSP_1_50_1_TW_2
Method: SA
Sol: 5 38 29 27 48 40 32 16 42 39 46 13 1 9 15 17 22 10 7 25 49 50 3 30 24 28 36 6 31 33 20 4 41 43 45 23 26 14 2 8 44 34 35 19 37 18 21 11 47 12 2 1 1 2 1 1 2 2 1 1 1 2 2 1 1 1 2 2 2 2 1 1 3 2 2 2 1 3 1 2 2 3 1 2 1 1 2 1 1 2 2 1 1 2 1 2 1 2 3 2 3 
fo: 3090.40
Best time: 154.289
Total time:250.007 


Instance: HEVTSP_1_50_1_TW_3
Method: SA
Sol: 30 20 17 13 32 9 33 16 7 2 12 42 45 44 5 19 1 41 24 26 15 22 38 39 10 27 6 3 31 11 4 29 25 50 36 14 34 18 43 47 49 35 8 40 21 46 37 23 28 48 3 2 2 3 2 1 3 2 1 3 3 2 2 1 1 2 1 1 2 2 1 2 1 2 2 1 1 2 2 2 2 1 2 2 2 1 1 1 1 2 2 2 2 2 1 2 1 2 2 2 3 
fo: 2994.29
Best time: 159.058
Total time:250.010 


Instance: HEVTSP_1_50_1_TW_4
Method: SA
Sol: 5 38 29 36 18 42 32 11 31 14 4 25 2 9 16 6 48 49 3 1 35 26 44 33 39 7 37 45 50 27 30 15 20 24 46 13 10 17 22 43 19 21 47 34 40 41 8 23 12 28 2 2 1 2 1 1 1 1 2 2 2 1 1 2 2 2 4 2 1 2 1 4 1 2 1 2 2 1 4 2 4 1 1 2 2 2 1 2 1 2 2 1 3 2 4 2 1 1 2 1 4 
fo: 1006841.80
Best time: 147.072
Total time:250.003 


Instance: HEVTSP_1_50_1_TW_5
Method: SA
Sol: 9 5 7 27 48 42 45 26 8 49 2 44 15 18 38 10 32 35 29 19 24 39 22 41 12 31 4 23 50 43 6 34 13 37 28 47 11 21 25 30 17 1 40 14 3 46 16 20 36 33 1 1 4 2 1 2 2 2 1 2 1 1 1 2 2 1 1 2 4 1 2 1 1 2 1 1 4 2 2 2 2 1 2 2 2 2 2 1 1 2 1 2 4 1 2 4 1 2 1 4 4 
fo: 1550623.44
Best time: 128.986
Total time:250.008 


Instance: HEVTSP_1_50_2_TW_0
Method: SA
Sol: 35 23 38 19 34 18 39 20 28 2 13 21 5 7 15 17 48 16 50 37 46 14 44 9 22 36 41 3 30 6 49 32 26 4 1 31 27 12 10 29 24 42 11 43 45 25 47 33 40 8 1 2 2 1 2 1 2 2 2 2 1 2 2 3 2 1 2 1 2 3 1 1 2 2 2 1 2 3 2 1 1 1 1 1 2 2 2 1 2 2 2 2 2 3 3 2 1 1 3 2 3 
fo: 2875.18
Best time: 136.873
Total time:250.007 


Instance: HEVTSP_1_50_2_TW_1
Method: SA
Sol: 8 14 38 9 41 5 39 4 20 43 18 26 30 7 29 48 32 27 2 36 1 46 37 24 13 34 16 17 11 44 47 6 21 42 12 15 50 40 49 35 45 19 25 28 22 3 31 10 33 23 2 1 1 2 2 1 1 2 1 1 2 3 1 1 2 1 2 2 3 2 2 1 1 2 1 2 1 1 2 2 2 1 1 2 2 2 1 2 3 1 4 1 2 2 2 1 2 2 2 1 3 
fo: 2972.65
Best time: 143.029
Total time:250.006 


Instance: HEVTSP_1_50_2_TW_2
Method: SA
Sol: 27 32 18 14 29 49 50 2 48 16 24 11 15 7 42 19 10 41 46 26 5 38 21 33 36 34 8 13 4 9 45 30 22 37 35 28 44 23 1 40 20 3 6 47 17 43 39 12 31 25 2 1 1 2 2 1 1 2 2 1 1 2 2 4 2 2 2 2 2 2 1 1 4 2 2 3 1 1 1 1 4 2 1 2 2 2 2 1 1 2 2 2 4 1 1 1 2 2 2 4 3 
fo: 3114.66
Best time: 131.625
Total time:250.006 


Instance: HEVTSP_1_50_2_TW_3
Method: SA
Sol: 42 38 33 14 45 26 24 20 3 34 5 2 9 7 50 21 47 16 46 17 48 28 30 37 31 49 19 25 23 8 32 10 44 22 36 1 35 41 27 40 11 13 43 39 29 18 6 4 15 12 2 2 2 2 2 1 3 1 2 2 2 2 1 1 2 3 2 2 1 2 1 2 1 2 2 3 1 1 1 1 1 2 1 2 2 2 2 2 3 2 1 2 2 1 1 1 4 1 1 1 3 
fo: 2900.94
Best time: 134.901
Total time:250.008 


Instance: HEVTSP_1_50_2_TW_4
Method: SA
Sol: 50 9 27 36 8 14 38 45 44 13 32 22 24 29 26 34 37 41 43 2 33 16 39 31 49 46 21 19 40 6 11 23 5 15 20 47 18 7 48 28 35 10 30 17 3 1 42 12 4 25 1 2 2 2 1 1 3 2 2 1 2 2 1 1 1 2 1 1 2 2 1 1 2 3 2 1 2 1 2 3 2 2 2 2 2 2 2 1 1 2 2 1 1 2 2 2 2 2 1 1 3 
fo: 3017.73
Best time: 182.620
Total time:250.005 


Instance: HEVTSP_1_50_2_TW_5
Method: SA
Sol: 50 9 16 32 45 24 27 26 30 38 8 37 34 2 41 5 31 7 12 13 17 49 18 39 28 46 4 21 20 43 14 19 44 29 33 15 22 6 3 11 23 35 10 36 40 42 48 25 47 1 1 2 1 2 2 2 1 1 1 1 1 1 2 2 1 1 1 2 2 1 1 3 3 2 2 1 1 1 1 1 2 3 2 1 2 3 1 4 2 1 2 2 2 2 1 2 2 2 1 2 4 
fo: 3065.82
Best time: 157.982
Total time:250.006 


Instance: HEVTSP_1_50_3_TW_0
Method: SA
Sol: 27 26 31 42 47 7 8 13 19 16 44 46 17 38 29 4 45 49 33 32 28 36 25 18 23 30 21 5 43 35 22 11 1 39 2 50 6 41 24 3 9 12 10 37 15 48 14 34 20 40 2 2 2 2 1 2 2 3 2 3 2 1 3 2 2 2 1 1 1 2 2 2 2 1 2 2 2 1 3 2 2 3 1 2 2 2 2 1 2 2 2 2 2 2 4 2 3 2 1 2 3 
fo: 2840.45
Best time: 166.824
Total time:250.005 


Instance: HEVTSP_1_50_3_TW_1
Method: SA
Sol: 47 31 11 49 36 9 7 25 10 1 38 3 26 45 23 40 18 15 4 37 30 13 35 17 41 39 19 21 27 44 14 48 42 29 5 34 20 50 28 16 22 6 2 12 46 33 32 24 43 8 2 2 2 1 2 3 1 2 1 2 2 3 2 2 2 2 2 2 2 2 3 2 1 3 2 1 1 2 2 2 2 2 2 1 2 2 2 1 2 1 2 2 1 2 2 1 2 2 2 2 3 
fo: 2788.85
Best time: 119.653
Total time:250.009 


Instance: HEVTSP_1_50_3_TW_2
Method: SA
Sol: 48 3 4 47 50 22 8 7 1 24 23 21 40 9 33 39 25 44 27 49 19 46 15 30 20 37 43 31 12 17 42 38 11 32 34 10 6 2 35 13 14 5 29 41 28 18 36 26 16 45 2 1 1 1 2 1 4 1 1 2 2 1 1 2 1 2 2 2 2 2 2 2 2 1 2 1 2 2 2 4 2 1 4 1 1 2 2 4 1 4 1 4 2 3 2 2 1 2 1 1 3 
fo: 1003609.81
Best time: 165.710
Total time:250.010 


Instance: HEVTSP_1_50_3_TW_3
Method: SA
Sol: 38 37 2 22 26 40 21 41 19 1 18 32 29 6 28 8 34 31 20 30 42 13 17 23 49 4 35 25 16 11 3 14 27 33 48 50 24 43 47 15 45 36 12 39 9 44 46 10 7 5 2 2 2 1 3 2 2 2 1 2 1 2 1 2 1 3 2 1 1 2 2 1 2 1 2 3 2 2 1 2 3 2 2 2 3 3 1 2 1 1 2 2 2 2 2 2 3 1 2 2 3 
fo: 2864.69
Best time: 123.757
Total time:250.008 


Instance: HEVTSP_1_50_3_TW_4
Method: SA
Sol: 31 35 24 7 47 36 1 28 13 5 16 17 32 42 44 11 50 40 2 33 8 25 6 23 26 38 18 37 39 29 10 14 19 46 34 22 49 15 27 21 45 9 48 12 20 43 4 30 3 41 3 3 2 2 1 2 3 1 2 4 2 2 1 1 2 1 1 2 2 1 2 1 2 2 2 2 2 1 1 1 2 2 2 3 2 2 2 1 2 2 2 2 2 2 2 1 2 2 2 1 3 
fo: 2853.45
Best time: 183.601
Total time:250.002 


Instance: HEVTSP_1_50_3_TW_5
Method: SA
Sol: 47 1 44 23 38 2 41 15 31 37 26 12 29 28 49 10 27 13 35 40 18 16 36 8 46 42 33 9 7 39 3 19 50 14 25 17 24 5 45 43 30 20 34 21 4 11 48 6 22 32 2 2 2 1 2 1 2 2 1 2 2 2 3 1 1 1 1 1 2 2 1 1 2 3 4 2 1 2 3 1 2 2 3 1 2 1 2 1 1 2 2 2 2 2 2 3 2 4 1 3 3 
fo: 2987.56
Best time: 96.522
Total time:250.010 


Instance: HEVTSP_2_50_1_TW_0
Method: SA
Sol: 1 33 5 10 3 26 4 49 34 24 40 14 43 46 15 2 48 41 20 27 38 21 44 50 37 6 16 22 45 30 19 28 42 32 8 11 35 7 17 47 13 23 29 18 12 9 36 25 39 31 2 4 2 2 1 2 2 2 4 2 2 2 1 3 2 2 2 2 3 2 4 2 4 2 1 2 2 1 1 1 3 2 1 1 4 2 2 2 1 2 3 2 2 1 2 3 1 2 2 1 2 
fo: 1046825.23
Best time: 110.163
Total time:250.001 


Instance: HEVTSP_2_50_1_TW_1
Method: SA
Sol: 33 44 30 39 7 4 11 26 13 24 35 14 17 27 38 41 48 46 43 15 2 20 22 45 42 16 19 32 28 49 6 50 3 21 10 18 29 9 23 12 36 31 5 40 47 37 8 25 34 1 2 2 1 1 3 1 2 2 2 2 2 1 1 2 3 1 2 1 4 3 1 4 2 2 1 1 2 4 1 2 1 2 1 2 2 1 2 1 1 2 2 2 1 2 1 1 4 1 4 2 1 
fo: 1440274.86
Best time: 137.064
Total time:250.001 


Instance: HEVTSP_2_50_1_TW_2
Method: SA
Sol: 33 13 40 5 39 4 26 34 8 27 14 7 11 47 35 41 20 2 15 38 46 43 28 48 21 22 24 49 42 30 16 19 6 44 50 32 18 17 36 25 3 23 29 1 31 12 9 37 10 45 2 2 4 1 2 4 1 3 3 2 2 1 2 1 1 2 1 2 1 2 4 2 1 1 1 2 2 2 2 1 3 4 1 2 2 2 1 1 2 1 1 2 1 1 1 2 1 2 1 1 1 
fo: 5334576.55
Best time: 73.105
Total time:250.006 


Instance: HEVTSP_2_50_1_TW_3
Method: SA
Sol: 16 44 30 37 6 50 19 42 32 28 3 29 23 12 18 10 4 27 20 46 43 35 47 40 9 26 45 49 34 8 22 2 15 11 21 38 48 7 41 14 24 25 36 31 17 1 5 13 39 33 2 2 2 2 1 3 1 2 4 1 1 1 4 2 2 2 2 1 1 4 1 1 2 2 1 2 4 1 2 1 2 1 1 1 1 2 3 2 1 4 1 2 1 1 2 3 2 2 1 1 2 
fo: 1070687.07
Best time: 81.674
Total time:250.003 


Instance: HEVTSP_2_50_1_TW_4
Method: SA
Sol: 33 46 39 9 23 29 26 13 4 3 11 24 35 49 48 14 27 38 15 43 41 2 20 34 28 22 42 19 45 37 32 30 6 21 16 44 50 18 10 40 36 31 25 17 5 12 1 8 47 7 2 2 2 2 3 2 1 2 2 2 2 2 4 1 1 2 3 1 2 1 1 2 2 2 1 2 3 2 2 1 1 1 2 2 2 1 3 1 2 2 3 1 2 2 3 4 1 2 4 1 1 
fo: 1377615.81
Best time: 151.539
Total time:250.002 


Instance: HEVTSP_2_50_1_TW_5
Method: SA
Sol: 33 39 5 4 47 13 40 26 34 8 7 14 11 24 43 41 48 15 38 2 21 28 27 49 46 35 22 30 50 6 37 42 20 19 44 16 10 36 29 12 23 3 45 1 25 31 17 18 9 32 2 2 2 4 2 2 2 2 1 2 2 1 2 1 2 4 1 1 2 1 1 2 1 4 2 1 1 4 1 2 2 2 2 1 2 3 2 1 2 3 2 1 2 1 2 1 3 1 2 4 2 
fo: 4380552.02
Best time: 145.644
Total time:250.006 


Instance: HEVTSP_2_50_2_TW_0
Method: SA
Sol: 40 26 15 20 1 32 45 33 31 39 11 21 6 4 5 37 50 27 17 13 43 35 44 16 41 12 42 18 25 23 19 9 47 14 38 46 34 8 48 10 30 2 22 7 49 29 3 24 36 28 2 2 1 2 1 1 2 4 2 2 2 2 2 2 1 3 2 1 2 4 2 1 2 2 4 2 3 1 1 1 1 2 2 2 1 4 1 2 2 2 1 1 1 2 2 1 2 3 1 1 1 
fo: 1018498.88
Best time: 172.627
Total time:250.002 


Instance: HEVTSP_2_50_2_TW_1
Method: SA
Sol: 12 25 17 8 48 16 28 41 44 10 43 30 13 15 3 29 49 2 46 24 39 14 27 6 11 21 5 50 32 9 33 45 47 37 4 20 1 38 34 42 18 23 40 35 26 19 31 22 36 7 2 1 2 4 1 3 1 2 2 1 1 1 1 2 1 1 1 2 2 2 2 2 2 1 3 2 2 1 1 2 3 2 4 1 1 2 3 2 2 1 3 2 1 2 2 2 1 2 1 3 2 
fo: 1171695.69
Best time: 123.382
Total time:250.003 


Instance: HEVTSP_2_50_2_TW_2
Method: SA
Sol: 25 8 13 28 17 44 10 41 35 43 30 48 16 12 24 2 29 39 38 22 49 36 46 31 21 50 32 33 3 7 6 11 4 37 45 19 26 47 27 9 5 42 14 34 1 20 23 18 40 15 2 1 2 4 2 4 2 2 1 1 2 1 2 2 4 2 2 1 1 2 4 1 2 2 1 4 2 4 2 2 2 2 4 3 2 3 3 1 2 2 1 2 1 4 2 2 2 1 4 2 2 
fo: 4226682.98
Best time: 116.216
Total time:250.004 


Instance: HEVTSP_2_50_2_TW_3
Method: SA
Sol: 47 19 27 38 2 7 22 49 3 36 43 44 16 41 48 17 29 46 11 24 4 33 21 6 31 9 37 5 50 32 45 34 35 10 13 8 42 1 15 12 39 14 20 30 28 25 26 23 18 40 2 2 1 1 2 2 2 1 2 2 1 4 1 4 1 2 4 1 1 2 2 1 4 2 4 2 1 1 3 1 4 2 2 4 1 4 2 2 1 2 1 1 2 2 3 1 2 2 3 4 1 
fo: 1022419.94
Best time: 131.856
Total time:250.003 


Instance: HEVTSP_2_50_2_TW_4
Method: SA
Sol: 12 13 35 17 25 8 28 41 16 44 43 48 36 2 49 29 3 7 11 39 6 38 46 22 21 50 5 32 27 9 33 45 20 47 1 42 30 10 18 26 34 23 24 4 15 40 19 14 31 37 2 1 1 2 1 1 1 1 1 3 2 4 2 3 2 1 1 1 2 4 1 1 2 2 1 1 4 1 2 1 2 2 2 4 4 1 2 2 2 3 2 1 2 1 2 2 1 2 4 3 1 
fo: 1413627.52
Best time: 110.032
Total time:250.009 


Instance: HEVTSP_2_50_2_TW_5
Method: SA
Sol: 25 13 28 10 16 17 8 48 41 35 44 43 12 36 22 49 24 38 39 3 2 7 11 46 50 4 32 5 37 31 6 21 47 30 29 14 19 27 20 23 18 33 15 1 45 40 42 26 34 9 2 2 4 2 4 2 4 1 1 4 1 1 1 1 2 3 2 1 3 2 1 2 1 2 2 2 3 2 2 2 1 4 1 2 1 1 2 1 4 1 2 2 1 2 4 2 1 3 1 1 1 
fo: 4827227.94
Best time: 172.186
Total time:250.005 


Instance: HEVTSP_2_50_3_TW_0
Method: SA
Sol: 37 41 38 22 29 42 5 9 34 45 25 19 24 47 33 48 23 8 13 26 15 7 40 43 1 44 18 14 50 6 3 32 46 30 28 35 27 20 12 11 39 36 2 21 17 10 31 4 49 16 2 2 2 1 2 4 2 2 2 1 1 1 2 4 1 2 4 1 2 4 1 2 2 1 1 2 2 2 2 1 1 3 2 2 1 4 3 2 1 1 2 2 4 2 1 4 1 1 2 1 1 
fo: 1031943.06
Best time: 84.477
Total time:250.001 


Instance: HEVTSP_2_50_3_TW_1
Method: SA
Sol: 41 16 8 31 37 48 3 46 17 28 10 36 15 27 40 19 12 34 45 24 25 50 18 44 1 6 11 9 5 39 2 42 21 7 29 33 13 4 26 22 47 23 38 43 14 49 35 32 30 20 2 4 3 2 4 1 2 2 2 2 2 2 1 2 2 2 4 1 4 2 2 2 2 2 3 1 2 2 1 2 1 2 4 2 1 2 1 4 4 2 4 2 4 2 1 4 1 1 1 1 2 
fo: 1461026.34
Best time: 141.650
Total time:250.002 


Instance: HEVTSP_2_50_3_TW_2
Method: SA
Sol: 16 15 37 10 8 4 41 28 30 17 35 49 27 3 6 20 48 31 32 46 19 50 25 45 1 14 43 18 12 24 5 11 21 44 7 39 29 36 34 9 42 40 22 2 47 38 13 23 33 26 2 2 4 2 2 3 1 4 4 1 2 4 1 2 2 2 1 1 2 1 2 2 2 2 4 2 1 4 1 2 2 2 1 2 1 1 2 4 2 1 4 1 2 2 1 2 3 2 2 2 2 
fo: 4694808.06
Best time: 67.543
Total time:250.003 


Instance: HEVTSP_2_50_3_TW_3
Method: SA
Sol: 11 9 40 39 7 2 21 5 42 38 36 47 41 35 32 3 46 27 49 28 17 6 20 22 29 12 34 45 25 14 43 18 1 44 50 24 19 26 33 31 37 30 10 48 15 23 8 4 13 16 2 2 1 1 2 2 2 2 4 2 1 1 1 2 2 2 2 2 1 2 1 2 1 2 3 2 1 4 2 1 4 1 1 3 4 1 1 4 2 2 1 2 1 1 2 1 1 2 3 4 1 
fo: 1035483.01
Best time: 135.499
Total time:250.001 


Instance: HEVTSP_2_50_3_TW_4
Method: SA
Sol: 32 3 10 31 16 37 41 4 17 28 27 30 20 12 42 19 34 45 24 46 25 50 43 18 1 44 9 39 5 36 11 14 6 22 26 40 21 47 13 15 8 48 33 38 49 29 7 2 35 23 2 2 2 1 1 2 3 3 2 1 2 2 1 2 2 2 3 1 2 2 2 3 2 1 1 2 1 1 2 4 1 2 1 1 2 2 1 2 4 1 3 2 2 4 3 1 2 2 2 2 1 
fo: 1636639.96
Best time: 146.203
Total time:250.002 


Instance: HEVTSP_2_50_3_TW_5
Method: SA
Sol: 37 16 48 10 31 28 41 8 30 17 49 35 3 6 32 4 20 45 27 24 43 50 19 14 1 11 44 40 34 12 36 39 42 7 21 9 2 5 13 29 38 26 47 33 25 22 23 15 46 18 2 2 1 2 2 1 2 2 1 2 3 1 2 2 2 1 2 2 1 2 3 1 2 1 1 2 2 2 1 2 3 4 4 3 1 1 1 3 1 1 2 1 1 2 1 1 1 1 1 1 1 
fo: 5410884.56
Best time: 128.205
Total time:250.008 


Instance: HEVTSP_3_50_1_TW_0
Method: SA
Sol: 33 23 32 11 43 7 25 22 17 13 2 5 4 29 21 40 46 24 16 36 15 44 34 48 9 31 6 47 26 50 49 18 19 41 8 12 20 42 28 30 14 35 27 39 45 10 38 37 3 1 2 2 2 1 2 2 3 1 1 2 4 1 4 2 4 2 1 2 2 2 3 1 1 1 2 2 1 2 3 2 2 2 3 2 3 1 2 2 1 2 2 1 3 3 2 1 3 1 2 1 1 
fo: 17144.41
Best time: 79.301
Total time:250.001 


Instance: HEVTSP_3_50_1_TW_1
Method: SA
Sol: 1 30 7 45 38 16 19 43 28 12 20 44 34 48 15 36 40 41 46 6 9 21 26 18 49 31 25 29 47 4 13 22 33 8 42 5 37 14 17 24 50 35 27 23 11 32 39 10 2 3 2 1 1 3 1 1 4 2 1 2 2 2 2 2 3 2 1 1 1 1 2 1 3 3 2 2 1 2 1 1 2 4 2 3 4 2 1 4 2 2 3 1 2 1 4 2 2 1 2 4 1 
fo: 18767.86
Best time: 97.986
Total time:250.001 
