

Instance: HEVTSP_1_50_1_TW_0
Method: SA
Sol: 47 35 10 30 22 41 39 18 2 14 16 42 50 6 36 49 25 1 29 34 44 26 8 27 31 5 3 19 38 12 40 13 48 46 28 43 11 4 9 32 20 33 45 23 37 21 15 24 7 17 2 2 1 2 3 2 2 3 1 2 2 2 3 2 2 2 2 2 2 1 2 2 2 1 2 2 2 1 3 2 1 2 2 4 2 1 2 3 4 2 2 1 2 2 2 1 1 2 1 2 3 
fo: 3151.59
Best time: 165.055
Total time:500.006 


Instance: HEVTSP_1_50_1_TW_1
Method: SA
Sol: 42 31 10 1 4 32 7 3 33 29 41 15 23 22 21 30 35 46 38 50 44 43 27 12 28 14 24 39 2 25 20 48 37 8 26 47 36 19 5 18 49 16 34 9 45 6 17 11 40 13 2 2 3 1 1 2 1 1 1 1 1 2 2 2 2 1 1 1 1 2 1 1 2 1 2 2 2 1 1 2 2 2 1 1 1 3 1 1 2 1 2 2 2 1 1 2 2 2 2 2 3 
fo: 3251.96
Best time: 240.812
Total time:500.003 


Instance: HEVTSP_1_50_1_TW_2
Method: SA
Sol: 5 38 29 13 46 15 48 47 18 10 4 3 27 7 49 31 50 42 26 16 17 35 9 28 25 32 1 22 20 39 30 14 37 19 36 2 45 12 24 41 33 23 8 34 43 40 6 21 11 44 1 2 2 2 2 1 2 1 2 3 1 2 1 2 2 1 1 2 3 1 2 3 1 2 2 2 1 1 1 1 4 2 2 2 2 2 1 2 2 2 1 1 2 1 2 1 1 2 1 2 3 
fo: 3131.28
Best time: 164.113
Total time:500.007 


Instance: HEVTSP_1_50_1_TW_3
Method: SA
Sol: 17 9 30 25 46 44 5 15 24 38 42 26 48 1 32 49 10 11 35 7 16 50 13 36 14 3 21 27 33 37 41 29 40 39 22 4 23 2 8 20 19 12 18 45 31 43 28 34 6 47 2 3 2 2 2 1 3 1 1 1 2 2 2 1 3 2 2 1 2 2 2 2 2 2 1 1 1 2 1 3 2 2 1 2 3 2 2 2 2 2 2 2 1 1 1 2 2 1 2 2 3 
fo: 3149.23
Best time: 174.174
Total time:500.010 


Instance: HEVTSP_1_50_1_TW_4
Method: SA
Sol: 9 38 29 22 8 20 12 46 47 50 34 10 32 43 44 40 37 11 17 27 49 7 42 33 39 2 25 41 19 18 26 28 16 36 3 6 4 14 23 31 48 45 30 21 24 1 13 5 35 15 1 1 1 2 1 2 1 2 2 3 2 1 1 2 1 1 2 3 2 1 2 2 2 2 1 4 3 2 4 2 2 2 2 2 3 2 2 1 2 2 2 1 2 2 2 2 1 2 1 2 3 
fo: 4069.56
Best time: 210.205
Total time:500.004 


Instance: HEVTSP_1_50_1_TW_5
Method: SA
Sol: 9 29 38 10 40 27 31 23 32 42 35 39 19 8 2 1 3 33 18 11 47 12 13 4 26 49 37 21 34 36 14 7 45 25 46 5 48 50 22 30 16 41 24 28 43 17 44 15 20 6 2 1 2 2 1 2 1 2 1 1 3 4 2 2 2 1 1 2 1 1 2 1 1 2 1 1 1 1 1 1 1 2 2 1 2 1 2 2 4 2 2 1 2 2 2 1 4 2 2 4 3 
fo: 1019762.38
Best time: 382.102
Total time:500.006 


Instance: HEVTSP_1_50_2_TW_0
Method: SA
Sol: 16 14 38 3 18 36 26 9 40 11 21 41 44 37 32 45 23 20 13 29 10 17 30 22 25 1 31 39 2 27 49 42 34 4 8 48 46 15 33 35 43 24 19 6 12 7 47 5 28 50 2 2 1 2 2 2 1 2 2 2 3 1 2 2 1 2 2 1 2 1 3 1 2 2 2 2 2 2 1 2 3 2 2 1 2 2 2 3 2 1 1 2 1 2 2 2 1 1 1 3 3 
fo: 2888.16
Best time: 164.468
Total time:500.004 


Instance: HEVTSP_1_50_2_TW_1
Method: SA
Sol: 14 29 41 49 34 32 26 16 37 5 8 15 24 9 30 10 42 45 39 44 20 2 4 17 27 25 1 28 31 48 3 7 6 38 21 40 36 13 35 23 47 46 50 12 11 22 19 33 18 43 2 2 2 2 2 2 2 1 2 3 2 3 2 1 1 2 2 1 2 1 2 1 1 2 2 2 2 2 1 3 2 2 2 3 1 2 2 2 3 1 1 1 1 1 1 1 1 2 2 1 3 
fo: 2895.69
Best time: 221.508
Total time:500.005 


Instance: HEVTSP_1_50_2_TW_2
Method: SA
Sol: 38 9 20 32 8 18 29 16 45 34 1 28 39 36 41 5 26 24 49 48 13 19 22 15 2 17 37 46 31 43 33 10 27 42 40 21 6 44 14 25 23 47 3 11 50 4 35 30 7 12 2 2 2 1 1 2 2 2 2 2 2 1 1 3 2 4 3 1 1 1 2 1 3 4 2 2 2 2 2 1 1 2 2 1 1 3 2 2 1 2 2 2 2 2 1 2 2 1 3 1 3 
fo: 3096.06
Best time: 231.481
Total time:500.004 


Instance: HEVTSP_1_50_2_TW_3
Method: SA
Sol: 20 38 17 19 9 31 1 46 14 23 21 26 44 45 13 16 7 18 3 34 39 50 37 28 29 8 41 22 5 24 33 11 4 15 32 47 48 43 42 6 27 10 35 25 2 30 49 12 40 36 2 3 1 1 2 1 1 2 1 1 1 1 2 2 2 2 1 1 1 1 2 1 2 1 2 2 1 1 2 2 1 1 3 2 2 1 1 1 2 2 2 2 1 1 2 1 1 1 2 2 3 
fo: 2882.32
Best time: 165.334
Total time:500.005 


Instance: HEVTSP_1_50_2_TW_4
Method: SA
Sol: 29 32 33 34 39 20 27 16 8 49 13 9 2 46 30 42 6 21 17 24 43 7 19 26 35 31 10 45 36 38 1 15 11 12 41 3 23 50 40 48 22 4 28 14 47 37 44 25 5 18 2 1 2 2 1 1 3 2 2 3 2 2 2 3 1 2 2 2 2 2 1 2 2 2 2 2 1 2 2 3 2 2 1 2 2 1 2 2 2 2 2 2 1 2 2 2 2 1 2 1 3 
fo: 2942.10
Best time: 246.526
Total time:500.011 


Instance: HEVTSP_1_50_2_TW_5
Method: SA
Sol: 12 32 9 18 4 45 41 1 34 2 39 27 30 24 19 10 26 37 14 40 29 33 31 7 48 36 44 50 46 47 42 21 49 15 17 38 5 6 3 11 20 35 8 13 43 25 22 23 16 28 2 1 2 1 2 2 2 1 1 2 1 1 2 4 1 1 2 1 1 1 2 2 2 1 1 1 1 1 1 2 1 1 1 4 2 2 2 2 4 2 2 1 1 1 2 3 1 2 2 2 4 
fo: 3324.08
Best time: 199.214
Total time:500.003 


Instance: HEVTSP_1_50_3_TW_0
Method: SA
Sol: 38 31 47 9 7 1 4 44 26 18 24 40 45 50 39 10 19 35 32 34 37 14 6 29 23 20 21 17 11 27 22 49 8 25 42 43 15 28 48 5 13 3 30 46 36 12 16 41 2 33 1 2 2 1 3 1 2 1 2 2 1 2 2 3 1 1 1 2 3 1 1 1 2 1 2 2 2 1 1 1 2 2 1 1 2 2 2 2 2 1 2 2 2 2 1 2 2 2 1 2 3 
fo: 2823.94
Best time: 214.536
Total time:500.006 


Instance: HEVTSP_1_50_3_TW_1
Method: SA
Sol: 47 50 38 1 4 2 22 8 21 26 39 37 31 13 44 45 28 23 27 34 12 24 42 18 35 30 33 10 14 29 20 19 49 11 48 9 15 41 25 40 16 6 3 46 7 43 17 5 32 36 2 1 2 2 2 1 1 2 1 2 3 2 2 2 2 1 2 2 4 2 2 2 2 2 1 2 2 2 1 2 2 4 2 4 2 1 3 2 1 1 1 2 2 4 3 2 2 2 3 1 3 
fo: 2812.32
Best time: 147.562
Total time:500.007 


Instance: HEVTSP_1_50_3_TW_2
Method: SA
Sol: 47 22 1 49 21 13 9 40 6 3 37 24 35 12 17 28 44 32 38 31 45 23 29 18 7 10 4 39 19 42 16 27 26 30 46 8 36 25 5 33 20 48 11 43 41 15 34 50 2 14 1 1 1 1 1 3 1 1 2 2 2 1 2 2 4 1 1 3 1 1 2 1 2 2 1 4 2 2 2 1 2 1 2 2 1 2 4 2 2 1 4 1 2 2 2 2 2 2 2 3 4 
fo: 1003703.87
Best time: 275.425
Total time:500.004 


Instance: HEVTSP_1_50_3_TW_3
Method: SA
Sol: 41 1 10 21 36 11 42 32 6 28 4 33 8 39 25 38 47 14 19 2 44 49 18 48 26 22 15 29 43 23 24 37 12 35 17 34 7 40 16 20 5 27 45 46 3 30 13 9 50 31 1 3 2 1 2 2 2 2 2 1 1 2 3 1 2 2 1 1 1 1 1 1 1 1 2 1 2 3 1 1 2 2 2 1 2 1 2 2 1 2 1 2 1 1 1 2 1 2 3 2 3 
fo: 2827.39
Best time: 265.569
Total time:500.003 


Instance: HEVTSP_1_50_3_TW_4
Method: SA
Sol: 34 7 47 38 50 21 19 13 8 1 44 10 35 41 2 49 17 11 40 6 26 4 24 45 14 37 29 30 32 22 36 5 12 23 42 33 31 46 39 20 27 15 28 3 48 18 16 25 9 43 1 2 1 1 2 2 2 1 1 1 2 1 3 3 2 2 2 1 3 2 1 1 2 2 4 2 2 2 2 2 1 1 1 2 1 2 1 2 1 1 2 3 1 1 2 1 1 1 1 2 3 
fo: 2859.69
Best time: 119.132
Total time:500.003 


Instance: HEVTSP_1_50_3_TW_5
Method: SA
Sol: 38 11 35 49 26 8 13 9 18 40 7 3 1 25 45 22 23 37 28 6 42 46 29 34 31 10 4 48 39 19 16 21 27 36 43 41 30 47 24 44 17 50 20 33 32 14 12 5 2 15 2 2 2 1 2 2 2 2 2 2 3 1 3 1 2 1 2 1 1 1 2 2 2 1 1 2 2 3 1 1 4 2 1 2 3 2 2 1 2 1 1 1 2 2 2 3 2 1 1 2 4 
fo: 3240.12
Best time: 235.965
Total time:500.006 


Instance: HEVTSP_2_50_1_TW_0
Method: SA
Sol: 13 23 47 5 12 29 18 3 10 36 4 22 45 30 6 50 44 37 28 42 21 49 2 20 15 48 43 46 35 34 27 41 38 8 24 39 33 1 17 31 9 25 40 14 7 11 32 16 19 26 2 1 2 1 2 1 2 1 2 2 4 4 2 2 2 1 1 2 2 1 1 2 2 4 2 1 4 1 2 2 2 1 1 1 2 2 2 2 1 2 1 4 2 1 4 1 4 1 3 2 1 
fo: 1041324.97
Best time: 333.480
Total time:500.001 


Instance: HEVTSP_2_50_1_TW_1
Method: SA
Sol: 43 39 33 1 25 36 13 47 11 4 26 24 7 14 17 27 48 38 46 41 15 20 2 22 8 42 37 28 19 44 6 32 30 50 16 12 10 3 18 29 45 49 35 5 23 21 31 40 9 34 2 4 1 2 1 4 2 2 2 4 2 1 4 1 2 2 2 1 2 4 1 2 2 2 2 2 3 2 2 1 1 2 2 1 3 2 1 1 4 1 1 2 4 2 2 2 2 1 4 2 2 
fo: 1399483.38
Best time: 206.762
Total time:500.003 


Instance: HEVTSP_2_50_1_TW_2
Method: SA
Sol: 47 39 33 13 5 40 34 35 11 26 8 24 14 38 15 43 41 2 27 48 21 46 7 22 28 4 42 6 49 44 37 19 50 16 32 10 3 29 9 23 31 36 25 20 17 1 12 45 18 30 2 1 4 2 1 2 2 2 2 1 1 3 1 1 2 4 2 2 2 1 4 2 4 1 3 2 2 1 4 2 1 1 2 2 2 1 4 1 1 1 2 3 2 2 1 4 1 1 2 1 1 
fo: 4769552.55
Best time: 346.867
Total time:500.006 


Instance: HEVTSP_2_50_1_TW_3
Method: SA
Sol: 10 25 22 30 44 45 16 19 21 20 2 38 41 46 43 15 11 32 49 24 35 8 27 3 18 29 26 4 6 50 37 42 28 7 48 34 5 36 9 23 40 13 47 39 14 17 33 1 31 12 2 2 1 2 2 2 1 2 4 2 2 2 2 2 2 1 1 1 2 1 2 2 2 1 4 1 1 2 2 1 1 2 2 1 1 4 2 1 1 2 2 2 1 4 3 1 1 4 1 1 1 
fo: 1070062.99
Best time: 361.753
Total time:500.001 


Instance: HEVTSP_2_50_1_TW_4
Method: SA
Sol: 33 45 44 39 13 10 4 12 26 24 8 11 14 34 48 27 41 15 38 20 2 22 28 32 42 49 16 50 21 19 6 3 7 35 46 29 18 23 9 36 43 25 17 31 47 5 40 37 1 30 2 2 1 2 1 2 1 2 1 2 3 1 1 1 1 4 1 1 2 3 3 1 3 2 4 1 2 2 1 4 1 2 2 1 1 2 2 1 2 2 2 1 1 2 4 1 1 1 4 1 2 
fo: 1557319.95
Best time: 260.384
Total time:500.002 


Instance: HEVTSP_2_50_1_TW_5
Method: SA
Sol: 33 39 40 5 26 4 11 34 13 7 14 47 8 27 24 35 46 2 41 38 43 20 49 22 28 15 19 21 6 42 50 37 32 12 10 29 3 16 30 36 18 44 45 48 17 23 9 31 1 25 2 3 1 2 2 3 2 2 2 2 3 2 2 1 1 1 1 2 1 4 2 1 1 3 2 2 1 4 2 2 2 2 2 1 2 1 1 1 1 2 2 1 2 2 4 3 1 1 2 1 2 
fo: 5081788.56
Best time: 275.679
Total time:500.007 


Instance: HEVTSP_2_50_2_TW_0
Method: SA
Sol: 8 10 44 41 16 43 35 48 28 12 24 11 6 50 5 37 33 9 32 4 21 31 15 1 23 40 19 34 3 49 22 7 39 20 14 46 38 29 2 13 25 18 47 45 27 42 26 17 30 36 2 1 2 2 2 2 4 2 1 2 3 2 1 2 1 2 1 3 2 2 2 2 2 4 1 2 1 2 1 1 1 2 3 4 4 2 2 2 2 1 1 3 4 2 4 1 2 2 1 1 1 
fo: 11677.81
Best time: 294.734
Total time:500.001 


Instance: HEVTSP_2_50_2_TW_1
Method: SA
Sol: 46 25 17 8 28 48 12 44 16 41 5 11 3 29 30 49 22 2 39 36 31 6 21 45 32 50 7 4 37 9 40 47 1 33 20 34 24 42 18 10 43 35 13 23 19 27 38 14 26 15 2 1 2 2 2 1 4 1 2 1 1 2 1 2 2 1 2 4 3 2 2 2 2 2 2 1 1 2 1 1 1 1 1 1 1 2 1 2 2 1 3 1 2 2 3 1 1 4 1 2 2 
fo: 1215220.05
Best time: 206.516
Total time:500.001 


Instance: HEVTSP_2_50_2_TW_2
Method: SA
Sol: 25 17 28 16 44 10 8 13 41 12 48 30 36 35 43 2 29 3 39 7 49 22 31 11 6 38 21 46 45 32 50 9 37 4 24 33 15 27 1 42 47 23 40 5 20 14 34 18 26 19 2 3 2 3 3 1 1 2 2 1 1 2 2 1 4 1 1 2 4 1 1 4 2 1 2 2 1 1 2 2 2 1 1 1 2 2 2 1 1 1 2 4 2 1 4 4 3 2 3 1 1 
fo: 4208563.66
Best time: 294.771
Total time:500.004 


Instance: HEVTSP_2_50_2_TW_3
Method: SA
Sol: 8 18 25 48 10 16 36 30 39 46 3 49 31 21 6 38 22 7 29 2 20 5 4 37 14 15 17 13 41 35 43 44 28 12 24 11 34 45 33 47 1 32 50 9 27 19 23 40 42 26 2 2 2 2 3 4 2 2 4 1 2 2 2 4 2 2 2 4 2 2 1 1 2 2 1 1 1 4 2 2 2 4 2 3 2 2 2 2 1 2 1 4 1 2 1 1 1 3 4 2 1 
fo: 1017273.37
Best time: 310.805
Total time:500.001 


Instance: HEVTSP_2_50_2_TW_4
Method: SA
Sol: 30 8 25 17 48 43 16 28 44 41 36 10 12 24 46 38 29 3 22 2 49 13 39 31 33 21 6 32 37 5 50 9 14 47 11 20 19 26 4 1 18 42 45 15 34 40 23 27 35 7 2 2 2 1 2 2 3 2 2 1 2 2 3 1 1 2 4 1 1 2 1 1 2 2 1 2 1 1 2 2 3 2 2 2 2 1 2 4 4 2 1 4 2 4 1 2 4 2 2 2 1 
fo: 1251064.17
Best time: 155.016
Total time:500.003 


Instance: HEVTSP_2_50_2_TW_5
Method: SA
Sol: 25 8 17 48 28 13 16 10 35 44 41 12 36 2 3 29 43 22 39 49 7 30 6 21 4 37 38 46 11 33 19 5 50 47 27 18 1 9 45 26 34 40 42 20 24 31 15 14 23 32 2 1 2 4 1 4 2 2 2 2 2 2 4 4 1 2 1 2 1 1 2 2 2 2 4 1 2 3 2 2 2 1 4 2 1 1 2 1 4 2 4 2 2 3 1 4 2 3 1 2 2 
fo: 4469762.71
Best time: 249.394
Total time:500.005 


Instance: HEVTSP_2_50_3_TW_0
Method: SA
Sol: 31 28 41 4 8 48 23 16 37 3 32 30 35 17 46 27 6 25 43 18 5 40 11 42 36 39 2 38 22 21 7 9 34 12 24 20 50 44 1 45 14 19 15 10 13 33 26 29 47 49 2 2 3 2 2 4 2 2 1 1 4 2 4 2 2 4 2 1 4 2 1 1 1 1 2 4 2 2 1 2 1 1 2 1 1 1 1 2 3 1 2 1 1 1 2 1 2 2 2 3 2 
fo: 1035177.05
Best time: 182.569
Total time:500.001 


Instance: HEVTSP_2_50_3_TW_1
Method: SA
Sol: 16 23 31 48 10 37 28 17 49 8 35 45 42 44 24 27 30 32 50 46 25 43 19 18 1 9 39 2 5 21 11 40 29 36 22 47 13 33 26 38 12 6 14 3 20 41 4 15 7 34 2 3 1 4 1 2 1 1 2 2 1 1 1 1 1 1 2 4 2 1 1 2 2 1 1 2 2 4 1 4 2 2 2 3 1 1 2 1 3 1 1 1 2 2 1 2 1 2 1 2 2 
fo: 1498364.41
Best time: 282.173
Total time:500.002 


Instance: HEVTSP_2_50_3_TW_2
Method: SA
Sol: 16 31 8 4 15 48 37 28 35 17 10 27 32 46 20 41 49 30 3 6 34 45 18 43 12 24 19 14 25 42 39 36 5 40 22 13 33 2 44 50 9 47 26 29 7 38 21 23 11 1 2 2 1 1 1 1 2 3 4 1 2 1 4 2 2 2 1 4 2 1 2 1 2 1 2 2 2 2 2 1 2 2 2 2 1 1 4 4 1 2 4 2 2 2 2 1 2 2 2 4 2 
fo: 5346499.57
Best time: 264.302
Total time:500.009 


Instance: HEVTSP_2_50_3_TW_3
Method: SA
Sol: 41 17 49 27 6 25 50 45 24 46 3 32 35 10 2 5 36 42 7 33 13 4 28 47 38 22 8 16 48 37 26 21 9 39 11 34 1 18 43 44 19 12 14 20 40 29 23 15 31 30 2 2 2 2 1 1 1 1 1 2 2 2 2 2 1 2 1 2 1 3 2 1 2 2 1 1 2 1 4 3 1 2 1 1 4 2 2 1 2 2 4 2 2 1 1 4 4 2 4 1 1 
fo: 1042682.93
Best time: 232.193
Total time:500.001 


Instance: HEVTSP_2_50_3_TW_4
Method: SA
Sol: 46 43 44 7 37 10 48 31 16 17 28 4 30 33 35 27 24 45 19 32 3 6 14 25 50 1 18 20 34 9 42 11 21 5 39 22 29 26 47 40 36 2 12 15 13 23 8 41 49 38 2 2 1 2 1 4 2 1 1 1 4 2 1 1 1 4 2 1 2 2 1 1 3 1 1 1 2 1 1 1 1 2 2 1 1 2 4 1 2 1 1 1 1 4 1 2 4 1 1 1 2 
fo: 1466125.10
Best time: 297.642
Total time:500.001 


Instance: HEVTSP_2_50_3_TW_5
Method: SA
Sol: 31 37 10 8 4 16 28 41 30 49 17 32 35 27 24 3 20 6 45 50 14 25 1 43 34 12 44 18 40 21 5 2 19 46 9 36 38 13 33 26 22 15 47 11 23 39 29 42 7 48 2 2 4 2 4 2 2 1 1 2 1 4 1 4 1 2 2 2 1 2 2 2 1 1 2 1 1 4 2 1 1 3 1 2 2 2 2 1 2 2 2 2 2 3 4 1 1 1 1 1 2 
fo: 5483386.29
Best time: 232.272
Total time:500.003 


Instance: HEVTSP_3_50_1_TW_0
Method: SA
Sol: 1 23 11 33 12 32 43 38 28 44 48 36 16 46 9 18 24 41 8 42 6 19 17 25 50 49 29 2 13 20 34 15 31 26 40 21 47 22 4 37 3 39 27 5 45 14 35 7 10 30 2 2 1 1 4 1 1 2 2 1 2 1 1 2 2 3 3 2 3 2 1 2 3 3 1 2 2 2 1 2 2 3 2 1 1 1 1 1 2 3 1 2 1 3 1 1 3 1 2 1 1 
fo: 17269.86
Best time: 212.353
Total time:500.001 


Instance: HEVTSP_3_50_1_TW_1
Method: SA
Sol: 45 30 1 19 32 7 38 50 6 33 12 20 28 44 15 36 48 34 46 40 9 18 29 47 49 31 25 4 13 22 21 26 5 3 39 14 27 35 2 17 8 42 23 43 11 10 24 41 16 37 2 4 1 1 3 2 1 3 2 2 2 1 2 1 1 1 2 2 2 2 2 1 1 1 2 2 1 2 3 2 1 3 2 1 2 2 1 1 2 4 2 4 2 3 4 4 1 2 1 2 1 
fo: 18786.49
Best time: 180.293
Total time:500.001 


Instance: HEVTSP_3_50_1_TW_2
Method: SA
Sol: 30 32 7 1 38 23 43 11 10 42 12 33 44 19 15 48 41 46 16 36 34 20 28 6 40 24 9 18 26 47 49 21 50 31 29 17 22 25 8 35 13 2 39 37 4 3 5 14 27 45 2 2 2 2 1 2 1 2 1 4 2 3 2 2 3 3 1 4 2 2 2 2 2 1 1 4 3 2 2 1 4 1 1 1 1 1 4 1 4 1 2 3 1 2 4 2 4 2 2 2 1 
fo: 2209362.11
Best time: 271.194
Total time:500.001 


Instance: HEVTSP_3_50_1_TW_3
Method: SA
Sol: 1 23 33 42 6 24 47 11 32 13 37 14 27 3 35 2 4 31 25 41 16 9 40 21 50 29 49 36 46 26 18 17 10 7 43 28 12 38 34 44 48 15 19 20 8 22 39 5 45 30 2 2 1 2 1 2 1 2 1 1 3 3 2 2 2 3 1 2 1 1 2 1 2 3 3 2 2 1 1 2 1 1 2 1 2 3 1 2 1 1 3 2 2 2 3 3 1 4 2 1 1 
fo: 17513.19
Best time: 183.161
Total time:500.001 


Instance: HEVTSP_3_50_1_TW_4
Method: SA
Sol: 30 1 38 7 37 10 11 12 23 33 28 20 34 36 15 44 48 46 40 31 9 18 24 49 26 29 25 47 17 4 3 13 22 32 43 5 21 16 50 2 35 27 14 41 19 6 42 8 39 45 2 2 1 3 1 1 2 1 4 1 4 2 2 1 1 2 3 2 2 2 1 2 2 4 1 4 2 1 2 4 4 1 2 4 3 1 2 1 2 2 2 3 1 2 2 1 2 2 2 2 1 
fo: 18806.83
Best time: 238.476
Total time:500.001 


Instance: HEVTSP_3_50_1_TW_5
Method: SA
Sol: 30 1 38 7 10 11 32 43 33 12 8 28 20 41 42 23 15 16 46 36 44 48 34 19 24 9 40 26 50 49 31 17 29 25 21 47 2 14 27 4 37 6 3 35 22 13 5 18 45 39 2 1 4 2 1 2 4 4 1 1 1 1 4 1 2 2 1 2 2 1 2 1 2 2 1 3 4 1 3 3 2 1 2 2 1 2 3 1 2 1 4 1 1 2 2 1 2 1 4 2 2 
fo: 2197114.48
Best time: 336.199
Total time:500.001 


Instance: HEVTSP_3_50_2_TW_0
Method: SA
Sol: 28 42 33 47 14 36 37 2 22 29 18 11 1 21 3 7 27 25 39 41 30 19 46 50 49 4 6 16 34 20 17 26 32 12 10 44 35 8 48 24 31 43 40 15 9 23 13 5 38 45 2 2 1 2 2 1 2 1 2 3 2 3 2 2 1 1 1 4 2 2 2 3 1 3 1 2 2 1 1 1 3 2 1 3 1 3 1 3 2 2 1 3 2 2 3 1 1 2 3 2 1 
fo: 16766.26
Best time: 312.724
Total time:500.002 


Instance: HEVTSP_3_50_2_TW_1
Method: SA
Sol: 13 38 5 37 42 40 36 23 17 16 47 33 48 14 12 34 32 41 39 6 20 26 19 3 50 10 25 7 22 49 11 45 18 35 44 9 8 24 46 30 21 29 4 27 1 43 31 15 28 2 2 2 2 3 3 1 2 3 4 2 1 2 2 2 2 3 2 1 2 2 2 4 1 1 3 2 2 1 2 2 2 1 1 1 1 1 1 1 2 1 1 2 2 1 3 4 2 1 4 1 1 
fo: 1025095.60
Best time: 322.196
Total time:500.001 


Instance: HEVTSP_3_50_2_TW_2
Method: SA
Sol: 45 5 40 42 37 36 38 24 48 31 33 47 14 17 6 30 12 20 16 41 32 34 19 39 10 46 4 50 26 25 7 11 21 44 27 35 1 49 18 22 29 28 23 9 3 8 13 15 2 43 2 1 1 2 3 1 2 2 3 2 4 2 4 1 2 1 4 1 3 2 2 4 1 2 2 1 4 2 1 1 2 2 2 1 1 2 1 3 1 1 2 1 2 2 2 2 4 2 1 4 1 
fo: 2594799.99
Best time: 302.072
Total time:500.001 


Instance: HEVTSP_3_50_2_TW_3
Method: SA
Sol: 9 1 49 11 7 4 50 10 27 12 19 34 30 41 32 26 6 39 16 20 3 25 17 14 33 47 46 24 35 18 22 29 21 44 43 8 13 5 48 31 38 40 42 36 37 23 15 28 2 45 2 2 2 3 3 1 2 2 1 2 1 3 1 3 1 2 2 1 3 1 1 3 2 1 1 2 3 1 2 1 2 2 2 3 2 2 2 1 1 1 1 1 3 1 2 1 2 4 2 4 1 
fo: 16974.23
Best time: 262.919
Total time:500.001 


Instance: HEVTSP_3_50_2_TW_4
Method: SA
Sol: 29 28 37 36 5 40 43 47 33 4 14 32 41 20 16 34 12 39 15 27 19 30 25 50 3 7 1 11 22 18 21 35 24 44 9 10 8 46 17 26 49 48 6 31 38 42 13 2 45 23 2 1 1 2 1 2 1 1 2 2 1 1 2 1 2 3 2 1 2 2 4 4 1 1 3 1 1 4 2 2 1 2 2 1 4 1 1 1 2 4 4 2 2 1 3 3 2 1 4 1 1 
fo: 1045408.65
Best time: 153.474
Total time:500.001 


Instance: HEVTSP_3_50_2_TW_5
Method: SA
Sol: 40 38 37 5 42 43 36 31 24 48 33 14 47 17 20 30 32 41 4 39 16 34 50 6 10 12 19 26 25 7 3 49 27 46 35 21 18 11 44 23 13 28 15 9 22 29 1 45 2 8 2 2 2 2 1 2 1 2 2 1 4 2 3 2 1 2 2 1 2 1 1 4 2 2 2 2 3 4 2 2 2 2 1 4 3 1 3 2 4 3 2 1 2 2 2 2 3 1 2 4 2 
fo: 2400482.67
Best time: 295.009
Total time:500.001 


Instance: HEVTSP_3_50_3_TW_0
Method: SA
Sol: 50 45 41 31 44 38 33 11 2 9 18 27 16 7 15 32 30 25 43 23 3 36 49 34 13 46 35 8 6 5 1 28 14 24 12 20 37 17 19 4 42 40 48 10 26 39 21 29 47 22 2 2 2 2 4 2 3 2 3 1 2 1 1 2 3 1 2 3 2 2 2 2 4 1 3 2 2 1 3 1 2 2 2 2 4 1 3 3 2 3 2 2 2 2 3 2 1 4 1 2 1 
fo: 16810.19
Best time: 342.032
Total time:500.001 


Instance: HEVTSP_3_50_3_TW_1
Method: SA
Sol: 45 36 49 9 41 47 2 39 29 33 26 22 48 10 42 4 23 34 13 27 1 7 43 14 3 35 40 21 6 28 32 12 5 17 8 44 31 38 11 19 18 16 15 25 30 46 20 37 24 50 2 2 1 1 1 2 4 2 1 3 1 4 3 2 2 1 2 2 1 1 1 2 4 4 4 2 2 1 1 2 3 4 2 1 2 1 2 1 2 2 1 1 2 2 3 2 2 1 2 3 1 
fo: 1026174.60
Best time: 296.531
Total time:500.001 


Instance: HEVTSP_3_50_3_TW_2
Method: SA
Sol: 29 39 27 9 50 33 21 19 2 26 22 40 10 18 47 46 48 42 13 34 35 4 23 43 1 14 3 30 7 15 6 12 49 28 32 16 20 24 37 17 11 31 44 38 8 5 36 25 45 41 2 3 2 2 4 2 2 2 1 2 1 4 2 1 2 2 1 1 2 1 2 1 2 3 4 1 1 2 1 1 4 4 4 1 1 1 1 1 4 1 1 2 2 2 2 2 2 4 2 3 2 
fo: 2236371.61
Best time: 243.445
Total time:500.001 


Instance: HEVTSP_3_50_3_TW_3
Method: SA
Sol: 27 2 26 40 10 48 22 29 21 9 47 39 50 13 18 1 16 15 14 23 34 42 4 49 46 35 3 28 25 43 36 30 7 5 20 12 6 8 32 11 44 17 37 24 38 33 19 45 41 31 2 3 1 4 2 1 1 2 2 4 2 1 3 2 1 1 3 1 1 1 3 3 2 1 1 3 2 1 1 2 2 4 2 1 1 2 1 2 2 2 1 3 1 4 1 1 2 2 1 3 1 
fo: 17197.40
Best time: 311.316
Total time:500.001 


Instance: HEVTSP_3_50_3_TW_4
Method: SA
Sol: 23 46 19 21 9 29 2 33 18 22 26 47 48 16 34 42 13 10 4 3 25 1 43 49 14 40 20 28 32 6 7 5 15 31 38 44 8 37 17 24 11 39 27 35 30 12 36 50 41 45 2 2 1 1 1 2 4 4 1 2 1 1 2 2 1 1 2 2 2 2 3 1 4 4 3 1 2 1 1 1 2 1 2 2 2 2 2 2 3 3 1 2 2 1 4 4 1 2 2 4 1 
fo: 1038883.49
Best time: 233.531
Total time:500.002 


Instance: HEVTSP_3_50_3_TW_5
Method: SA
Sol: 50 39 9 21 29 47 33 27 2 19 18 22 26 10 48 40 42 34 35 4 1 15 43 7 16 14 23 3 13 46 30 49 25 5 20 32 11 38 6 12 24 37 28 36 31 44 8 17 45 41 2 2 1 4 2 1 2 2 3 4 4 1 4 2 2 1 2 2 2 2 4 2 1 4 3 4 1 2 4 2 2 2 2 2 4 2 2 4 1 2 1 2 2 4 1 1 1 1 1 4 1 
fo: 2379426.85
Best time: 295.297
Total time:500.001 


Instance: HEVTSP_3_50_3_TW_5
Method: SA
Sol: 39 29 27 9 50 2 21 33 18 47 19 22 10 42 40 34 4 13 46 16 43 1 35 26 48 49 23 7 3 14 30 36 6 12 17 24 5 20 8 37 11 31 15 28 38 32 44 45 41 25 2 1 4 3 2 1 1 2 1 1 2 1 4 2 1 2 1 2 3 1 4 1 3 2 1 2 1 3 4 4 2 1 1 1 4 2 4 4 1 1 2 1 2 4 2 1 1 3 1 2 1 
fo: 2485282.29
Best time: 266.658
Total time:500.002 
